5.075924280405055278e-01
-2.661739010777360193e+01
1.304310636854440153e+00
1.131940623223677278e+01
1.058604672556490556e+01
5.977631556220988629e-02
-8.341847834494505065e+00
1.364343079780835577e+00
-7.688734083194149527e+00
4.892274205873858861e-01
2.041317077297250648e+01
2.944804723575884609e+01
7.828439510583622862e+00
-2.478751442645584224e-01
-2.108871303370893902e+00
1.060617389646878550e+01
-4.166706977938374301e+00
1.807171192623048128e+01
-1.412713723183331993e+01
-2.604447331600851356e+01
-7.140802410364152308e+00
8.331095023918949627e-01
8.364058077416244075e+00
-1.040949119592158922e+01
-1.240212799211839823e+01
4.335742249156919748e-01
2.514031187379135091e+01
-1.611160247798271605e+00
1.098481004634965785e+01
4.401425567355390811e+00
1.027209788272344682e+01
9.859260934214944427e+00
-1.754282004557167485e-01
2.567818147869622702e+00
1.134835786811167813e+00
-5.939567866956606323e+00
-1.376578458853424181e+01
3.380855923192048085e+00
1.022523815383599199e+01
2.099949628057424356e+00
5.01034499082200496e+00
-2.389635765831571224e+00
4.878884763845489636e-01
-1.786763950548534652e+01
1.746988474339847741e+01
5.562253215827098529e+00
-1.555582134461775112e+01
1.089966674797380186e+01
1.324351270488413057e+01
-1.331726543004193575e-01
-6.780693862466145028e+00
-1.298200125805191796e+01
-3.708500062123325502e+00
-6.360075497069353823e+00
-7.844267807416507310e+00
-6.775679879986227228e+00
-1.158750137109809231e+01
-1.210232962905185516e+01
-1.307865310468524100e+01
-6.619028374713249008e+00
-5.523149083264446979e+00
3.778109587897013899e+00
9.438045817256597303e+00
7.483698022243590042e-01
9.736012942435174011e+00
-2.187814648696608089e+01
-5.147401174836533144e+00
8.056007208080254500e+00
-8.213730843575712370e+00
1.938825609828374397e+01
-2.417781389640608403e+00
1.780276344104995800e+00
1.642253406193233189e+01
9.866056032699095368e+00
-1.386587719544669639e+01
3.114630764536759244e+00
-3.229032517949939063e+00
-1.913833205953919592e+00
7.078493751590004379e+00
6.626988208053292695e+00
-5.361927863691737794e-01
1.672605233416911119e+01
-1.062700882893908183e+00
4.411054532196097888e+00
-1.657971943680067284e+01
2.306706551980933995e+00
7.548251987113627770e+00
-2.368751402646182314e+01
1.464602680979163019e+01
-4.060464597968934441e+00
-8.379761500423656528e+00
2.340104918281251667e-01
-1.112984626759080165e+01
7.838156734074837040e+00
-1.520098612131708293e+01
3.984355461961760270e+00
-1.594395794272452926e+00
3.544663826465638046e+00
-7.623773174377989292e+00
1.606330557606732157e+01
-8.434837963820305262e+00
-9.315441010504748931e+00
7.823386855846839794e+00
3.906489486232833097e-01
-3.844227307262771731e+00
-9.751562923513464654e+00
1.941593667470903561e+00
-1.507396194634466546e+01
-3.536542394829764291e+00
7.854526437240342496e+00
1.683808209907379894e+00
6.458331668904634171e+00
1.313447818634662667e+01
3.791933777913095938e+00
-1.573029401775606928e+01
5.668538547116744652e+00
-1.670839237652130649e+01
-8.312342037368367187e+00
1.165640315752662470e+00
5.658976369621652402e+00
-8.978596197788585087e+00
-1.347772786783779964e+01
-1.240261630847615493e+01
-8.875085853326277530e+00
-1.704252727299911996e+01
1.680981250067461374e+01
1.753136087219206019e+01
5.780729841094513155e+00
4.448304391434713123e-01
-8.128321985805108341e+00
-2.431603569433159251e+01
6.371037032843835934e-01
8.133061028589480657e+00
7.787914279369990922e+00
-1.616352875767370634e+01
-8.483480273920135373e-01
6.145537302817119851e+00
-1.318520350984088552e+01
1.435954228023664925e+01
1.053097846802453041e+01
-8.151178673589745571e+00
-2.108271132502764189e+01
2.231710499790951374e+00
1.191804599262680231e+00
-3.171912688120295698e+00
1.848606188080992307e+00
1.001149803061523080e+01
3.936078506225176632e+00
8.957616182533609361e+00
3.184171822761243220e+00
6.392991829629760758e+00
8.677468503792947985e+00
-1.716734908068608689e+01
-1.307739647797013838e+01
1.986383244903582312e+00
2.623803254436967158e+00
6.042588039451468163e+00
6.870004142537792902e+00
-4.559690586453257310e+00
7.436478480900409416e+00
-6.136310003013417891e+00
6.814836094257861632e+00
-6.912118350198285910e+00
2.813822079749392024e+00
8.034328193653410111e+00
-5.430716772771124745e+00
8.920563995871930274e+00
-1.135988819572228969e+01
1.071346871172213433e+01
-3.581205263931433791e+00
-3.125101735758474941e+00
-1.201522558304024990e+01
1.206546582832042702e+01
-4.411655322352359576e+00
-2.174130139785703353e+00
1.728649095928041390e+01
-9.012250761073079985e+00
7.530191690061538878e+00
4.446339938675110126e+00
-1.135707192307196856e+00
-9.315867279141654578e+00
2.875687055347444510e+00
8.209525327057953348e+00
-1.326652848672026330e+01
-2.292883388772381892e+01
-3.439871922101633572e+01
-1.310979773469908061e+01
-4.692115919056100815e+00
-7.515707769942787664e+00
9.905047215958106221e+00
5.920917613071376984e-01
-1.673298300762612811e+01
1.625249552013904264e+01
1.604073538677639021e+01
-2.774131914940418664e-01
8.082262395456485393e+00
1.863573945646086694e+00
1.007140827283275897e+01
-2.943456899413345873e+00
-2.113043974245703893e+01
1.598013465005614719e+01
-2.371748766943015596e+01
-1.063977368103886434e+01
1.019737615091626459e+01
-2.848374918051576721e+00
7.656365697755833644e+00
4.472164422792033633e+00
-1.702440349218229443e+01
9.004910834206123482e+00
-1.432495989350338661e+01
4.313841941126562496e+00
3.801823434657213063e+00
-1.744587575306833216e+01
-8.317632881309560133e+00
3.062298183743512592e+00
-2.586527154120733840e+01
9.142072399840463603e+00
1.812080648915137004e+01
-9.333549265449098797e+00
-3.156762790195684065e+00
-1.308719708976878593e+01
3.182578101581927665e+00
9.754245619789244870e+00
4.190422284434832001e+00
-1.471185281574824755e+00
4.363529860338346111e+00
-1.056096715269339903e+00
1.082324862477705274e+01
2.331370866990403634e+00
-9.268448591946320647e+00
-9.902668849076594171e+00
6.809777431830490002e+00
5.499840102802603603e+00
6.495488873353682635e+00
-6.546327144244544982e+00
6.003067660284295837e-01
1.079379167707718912e+00
-3.904270606351045725e+00
5.128528734016607693e+00
8.546739055027973819e+00
-5.202672305769091565e+00
2.434139205177539367e+01
8.542849930728005248e+00
2.116322496893071836e+00
-1.563851552449930438e+01
-1.634285597824820302e+00
3.494295762251552695e+00
-7.301103859886703962e-01
-2.939779369187001556e+00
1.464751776401538308e+01
1.587996715645651946e+01
-1.897690942296283767e+00
9.205654493666617810e+00
-6.073797087829751362e+00
5.068586233402408325e+00
1.840476695036268140e+01
3.621406991515400797e+00
-9.217683133878804558e-01
8.544804453439043268e-01
-1.754111010109250302e+00
5.231679078015719853e+00
-1.319087805760506882e+01
-4.039552496297085682e+00
-4.149591828918627989e+00
-4.794971357206108564e+00
1.495561407674600574e+01
-6.324534406403944153e+00
-6.174835125071282071e+00
4.772293007634742956e+00
1.082659955765534576e+01
-4.222383159571673872e+00
1.926764624574988982e+00
-1.365090121407497747e+00
-1.702361507196343027e+01
1.952178417798779009e+01
1.750701440863425162e+00
-7.237380173054380528e+00
6.867420073577013007e+00
-7.873747317588149386e+00
7.705845922178838237e+00
3.009704259526110523e-02
5.804606965725009005e+00
2.208672575569033825e+01
-4.923689391342455757e+00
8.291049416266014660e+00
-9.393393385663486583e+00
1.382642951372529438e+01
1.530245764423320409e+01
-7.264941380783893621e+00
9.358993984248780151e+00
-8.697147725742919278e+00
-1.115991610696360681e+01
-1.727252533093987452e+01
1.234264821151481328e+01
1.620460784961298639e+00
-8.712316194499257094e+00
-4.253817448188254247e+00
-7.409906889112863659e+00
-9.088785284839302481e-01
1.092101651580404997e+01
-6.518033121457205148e+00
-7.778764201023450120e+00
2.801611123658561686e-01
-5.859418522219121073e+00
-1.368481351890004127e+01
-7.970076953507079232e+00
6.525583243994914184e+00
-1.429757307682473222e+00
-9.436075307225497699e-01
-1.123094593116774220e+01
7.669399344903325755e+00
1.980482254924441632e+00
1.645369328347894289e+00
7.437113199303453825e+00
-8.652328711157311503e+00
4.404502112724683727e+00
-3.677797417261947643e+00
-1.228719702762352206e+01
-1.242342703863877462e+00
-4.759714979037471316e+00
6.209990113499959108e+00
-6.614321235379295061e+00
2.410897780396004553e+00
-1.042085926177556132e+01
1.213202096774590544e+01
1.498404234160522996e+01
6.546734962698936400e+00
1.342367096491957312e+01
4.419446926571671597e+00
-1.129984183656901919e+01
9.343943882941037060e+00
-1.496864938419769331e+01
-1.274355299727583457e+01
1.032020560385387498e+01
1.086948901837233450e+01
-9.596360886888580244e-02
-1.306655918407281547e+01
9.180133195077502251e+00
-7.617028408875561318e-01
1.238470651735400452e+01
9.578428538246430701e-01
2.528425703886418408e+00
2.987496175398461629e-02
1.299534721874748122e+01
7.391219966587227574e+00
5.020894866302083592e+00
-1.854251467427528155e+01
-4.073920411862975044e+00
9.601654096962299434e+00
7.921275516136953243e+00
-1.717549735406928590e+01
2.339843796089898120e+01
-6.886068072403746854e+00
5.081291735744732030e+00
1.007207691626756585e+01
5.217546895819542563e+00
1.313579212768063087e+01
-1.634205518149389391e+01
9.665248305460394818e+00
-9.031114589440642604e+00
1.001670809950638130e+01
-1.248345509157312128e+00
3.535306859773874155e+00
-8.365388897834748150e+00
-1.133447147900463925e+01
8.250845261217023108e+00
1.507930994302278194e+01
-1.489966022599545425e+01
8.146919639055443696e+00
2.299727433096745433e+00
1.119284271343334636e+00
-3.107325122578478815e+00
-2.028412839732160222e+01
1.747746014898699185e+00
-2.791987158737840868e+00
1.073861293139566975e+01
1.029721499023278852e+01
1.916332026706322011e+01
-2.391274485909206327e+00
-6.535717870668593221e+00
-9.947087705705184302e-01
-4.932444197705616595e+00
8.127752851045926263e-01
-1.538072014146825239e+01
-5.295726037813955678e+00
-6.398188767791448406e+00
1.299765724354988805e+01
-3.907564065849911117e+00
-1.291021837418087159e+01
-1.113427523926485030e+01
-1.086429180943379924e+00
-9.366850058036501281e+00
-2.057740042273946024e+00
-1.738857848662416217e+00
2.314783581808388035e+01
-3.315405180928757467e+00
-1.256038822145665979e+00
-2.268094502771300114e+01
1.255756836625402162e+00
-1.271861542684611379e+01
-3.498441101564528477e+00
-6.275857536124819447e+00
1.942770551990096095e+01
9.751485428132216082e-01
9.652953469706593737e+00
7.462349502888320218e-01
-1.504330316441546467e+00
-2.070457031308970741e+00
-8.217878964877886716e+00
-6.955725500753638713e+00
2.954159444836992332e+00
3.659076308969364533e+00
5.132040985736795236e+00
-4.586440195117233443e-01
3.018088521153702075e+00
-7.556448882850420823e+00
1.303104789390297213e+01
-1.045064238133220158e+01
7.773713240245612610e+00
-3.666547906687346980e+00
-1.629600409727579802e+00
2.042673507423462453e+01
6.164797882580926647e+00
1.318472681695722315e+01
-1.004512226546804499e+01
-2.704689348192278686e+00
1.136563564517507530e+01
2.964408406227662596e+01
-1.296328493369116330e+01
-1.166713131982365326e+01
-1.656894789821774694e+01
-1.000808018308540781e+01
-5.632745508355543329e+00
-1.418836093092273876e-01
9.278648446042138787e+00
-4.159603865455027361e+00
-3.077214318921019043e+00
-2.061452151108476905e+00
-3.209420493623853954e+00
-1.815495227358986385e-01
2.603122840376401115e+01
-1.680006982601677024e+01
-2.826858860429113385e+00
1.226311182791867438e+01
-1.132553021113143110e+01
1.570149637548935928e+01
-1.148049120464651729e+01
2.202114850843269878e+01
1.125061651316607936e+01
-4.225010310821276649e-01
2.300604389571144104e+00
4.510850970913080182e+00
1.393116133797151601e+00
-9.136110881431962483e+00
1.887004735456647353e+01
-1.310715271944458316e+01
-1.123379828434841521e+01
1.026828462432306743e+01
1.150529541843883941e+01
-1.052870308411392486e+01
-5.152871734340420673e+00
1.495499175454521179e+01
-1.945098992961425211e+01
-1.360008617153325972e+01
-2.390430391005580546e+01
-2.154286949843227106e+00
-2.436905084753638207e+00
5.269267513380940571e+00
-6.592738938710712482e+00
8.340414354195488045e+00
1.638613943127543138e+01
1.620969514285437540e+01
-4.659769344127268731e+00
5.543555120577563500e+00
3.749669739769541543e+00
8.632105042527516758e+00
-4.752358260822556524e+00
1.085342531180747727e+01
1.071714128670854471e+01
3.031966281757346060e+00
1.004431589514997292e+01
-1.761348029025353767e+01
-7.412689321236825002e+00
1.800850806956486849e+01
-9.598555031402248972e+00
-7.616534908690564265e+00
-5.579453300448477648e+00
8.482902018882946038e+00
-8.600518469417842482e+00
-1.728947109767826618e-01
9.503338786037312858e+00
-1.801196430063572151e+01
6.402190214410314439e+00
-6.857969075959331917e+00
-1.219179800191648866e+01
1.002958798701236631e+01
1.135784734708281363e+01
-7.046439289500767700e+00
5.632126275483764211e+00
-1.185962198094155262e+01
7.686511873068992973e-01
-1.146871690410513978e+01
-3.312738179430450458e+00
-5.447991090802142722e+00
5.630795631176996885e+00
5.566420463599600410e+00
-1.258873583018582032e+01
3.414210639167814421e+00
6.401003995490256671e+00
-1.255342627785768705e+01
1.933144742520293669e+00
9.687506870879197818e-01
2.245261780203250623e+00
1.256062093424930026e+01
-1.420476552553679639e+01
-9.145761529501980291e+00
2.270828171426149122e+00
-1.196500355403696148e+01
8.454275572919682347e+00
6.901453269262032286e+00
-6.123397988926515545e+00
-1.810885833134720180e+00
-6.802129111230168501e-01
-1.026657378436566503e+01
4.640265513230166228e+00
-7.038855198210286490e-01
1.607427345111333494e+01
1.648553899746516294e+01
-3.330653387505110974e+00
-5.667282237895284069e+00
1.850719451203132238e+01
-4.154001940806390181e+00
1.534751412644316204e+01
2.538126034628911398e+00
-5.151327447705401852e+00
9.360006650738904810e+00
9.413681897281330535e+00
-8.448765652148569671e+00
-7.411665604259579432e+00
-3.539064720656479146e+00
1.769057198713319323e+01
-4.069304565370712723e+00
5.641176301307005758e+00
1.405532486295395511e+00
-3.978135221073795247e+00
2.686052131328188874e+00
-1.235009955520855485e+01
1.153208209877834634e+01
-9.827187806091727040e+00
1.682074360007075242e+01
-7.645913343797875683e+00
-1.451176257603195197e+01
-1.174068602211304713e+00
-5.931980714815263678e-01
1.333139685699231469e+00
-1.742393069794921701e+01
-2.124924291572558133e+00
9.437195379898774661e+00
1.006847003634318449e+00
-7.156442897649641921e+00
7.696909365313979734e+00
7.893129369132424245e+00
-1.259555034783624627e+01
-8.785961252939390453e-01
1.483309740133015309e-01
3.870330922650644379e+00
-1.023738126137873472e+01
-1.930765256555190845e+01
-1.613490799121194641e+00
1.021414925695256937e+00
-7.307883560938907230e+00
-1.551485284478457460e+00
3.018005518637451701e+00
-1.498816224501750227e+01
1.335644670516029819e+01
-4.030667951012932626e+00
3.748232120578519044e+01
1.856864723604300593e+01
1.176350988292081734e+00
-5.591388747176450735e+00
-1.322001136769925012e+01
4.628570729384886562e+00
-2.665844701069051137e+00
-3.603656737021350143e+00
-2.042856260383002276e+00
5.320682870600233372e+00
-1.893096933290656381e+01
-3.834000696285990717e+00
-6.797111676285430448e+00
6.708488007278166521e+00
1.081005353034615801e+01
-4.529635677270854366e+00
2.804566048327990391e+00
-4.950741002818125125e+00
3.305974311646966868e+00
1.438437040702037706e+01
1.293365400482224103e+01
-3.544288393458216113e+00
-1.356412695596308104e+01
-1.665932472148573851e+01
7.102242212585330172e+00
1.748950146748685874e+00
1.639078452541507147e+01
-5.634274577000043749e+00
-5.427876206914032942e+00
-3.657869552551292092e+00
6.887910763780213053e+00
-8.189223451469114679e+00
-2.747723072914941334e+00
-2.041850293009348505e+01
-8.243425331502544751e+00
-1.098699262594270820e+01
-1.313442281493966135e+01
1.429704314680673605e+01
1.030797434543695168e+01
-3.980730708674155682e+00
2.538178620127810703e+01
1.464547491178385563e+01
6.571721434533059902e-01
-6.148523593795757414e+00
1.332397889594149909e+01
1.091490083641022935e+01
4.628860418829209067e+00
8.301480304817701494e+00
1.019524505153257099e+00
-8.836136878066275457e+00
4.317259079745944916e+00
-1.792700605850671369e+00
1.157887507864321996e+01
8.010776298141264462e+00
5.613461462743076780e+00
3.538967096951050273e+00
1.005494765655725331e+01
-2.452269649768318516e+01
-9.580512452434879478e-01
5.941265720795525951e+00
-1.318663980035018923e+01
7.755356870574980910e+00
-4.371368479460547296e-01
5.258249192674403716e+00
1.552902126700962349e+01
2.001764071881225959e+00
-1.251585880947576612e+00
-5.210997446184403969e+00
6.754468726203834095e+00
9.518790205164510354e+00
-7.352684581477919590e-01
6.635566587612176548e+00
-6.263720359007400873e-01
4.186937382918742401e+00
-8.781064304107284446e-01
-4.531573880765941809e+00
1.041839413236676215e+01
-6.609083132406801120e+00
9.281896536110278984e-01
-2.243341619368313999e+01
1.537989537614871693e+01
-6.318321985573599697e+00
1.651390557144801985e+00
7.905921322526038075e+00
-1.196523350065818825e+01
-4.478699316369112893e+00
5.981227520358366689e+00
-8.073179064603943189e+00
-1.350512684730625423e+01
-4.911063238773893502e+00
-2.033967697263621943e+01
-1.061795985970442224e+01
7.894596684887099869e+00
-9.387427943989253620e+00
-9.968356616355760202e-01
-1.221797765502833322e+01
3.485674346192612738e+00
-7.501093137757254503e+00
-4.991374078582450635e-01
-6.336012453069811201e+00
1.001211980298597304e+01
2.984929418331682793e+00
3.072046885327133658e+00
6.004422393572140138e+00
-1.581981601717733277e+01
-5.909562610002207172e+00
-9.013658759515402963e+00
-5.424899296906322554e+00
3.627845977094662722e+00
-9.215172018835378509e+00
-7.067127528929837865e+00
1.693106880281822546e+00
-4.656003375870145788e+00
2.022101931197139635e+01
-2.130475807269361610e+01
-2.112906629852298879e-01
7.739088474730893008e-01
8.605210141700353477e-02
5.636171577788376297e+00
-3.095580047804658896e+00
1.508178918852691019e+01
1.816722985228461873e+00
1.400637674328092075e+01
1.263549790389854044e+00
-4.215930439099893512e+00
1.323546862686553283e+01
1.670322910055236321e+01
8.321309465990825771e+00
7.039910969663143447e+00
-9.748046129802913740e+00
1.275986350894872245e+01
1.255715150314917850e+01
-1.305817676551298590e+01
-1.145556821629668542e+00
-2.546170206318884510e+01
1.376218743836074232e+00
-8.468740368038709221e+00
1.276368681979588970e+01
2.019353219596071281e+00
-5.447244825083593867e+00
-1.166318540488377309e+01
-2.908601108790043188e+00
-1.190215077113311182e+01
3.253949005736266109e+00
6.508500280744041966e+00
-2.587463090283387501e+01
-9.767255151338964936e+00
-4.406568989005515746e+00
1.947230227146492965e+01
8.274933944087688786e+00
8.889409774952583554e-02
1.653869099103693685e+01
1.609987525779999018e+01
5.312365016302163845e+00
-8.050146371403471335e+00
2.072130694564938480e+01
1.075244678379617014e+01
2.352181223499989038e+00
1.170047802929921232e+01
-5.140948453891161840e+00
-1.667971036464006351e+00
-6.801560526810615848e+00
1.425565432268790289e+01
7.769222720791526982e+00
2.278907025587272983e+00
6.671690352288508485e-01
1.188136154883947748e+00
-1.708918675848179469e-01
-1.562227760389562903e+01
1.482790903074339184e+01
1.212944699404334470e+00
1.343913218724072500e+01
2.871198933767113992e+00
-2.453003076003382465e-01
-1.642567702321472112e+01
1.664810096103157022e+01
1.392223311902981209e+00
1.408087407648102385e+01
1.475981525854256127e+01
-5.921365416970132856e+00
1.347957865172667624e+01
-3.609107190261812814e+00
-7.219747058097819581e-01
1.613309477748093457e+01
-8.564546243816822724e+00
1.457282239305383698e+00
2.563205516956077457e+00
6.097212191800319481e+00
1.370378782587742483e+00
-1.305386812778692907e+01
3.865802041342343287e+00
-3.376450591782638178e+00
-1.403995922355488446e+01
1.864702953015801024e+00
1.504425711402857191e+00
3.526423334636304752e+00
1.851976344292977572e+01
-2.818376942454645651e+00
-1.229480319236943586e+01
1.896601671583106707e+01
-8.369740372035245457e+00
3.252779528989178104e+00
2.290649963903761410e+00
-1.889548103947521795e+01
4.255196244961806151e+00
-7.789828312669939692e-01
3.741263521285183913e+00
1.162325678809434271e+00
1.138369261958109213e+01
9.661813334522550978e-01
-9.804897090166344142e+00
-7.835698127284630665e+00
5.618223949175243703e+00
-6.123335682562004223e+00
1.418599017119152350e+01
1.193423130126900666e+01
-6.677349783284284079e+00
4.202870775976665918e+00
-8.558308928809726268e+00
5.718168015045367092e+00
-5.100160253891403705e+00
-7.602677187072562681e+00
-2.356954631134947320e+01
-6.999411228420041375e+00
-1.091925964234730273e+01
-7.265357262184114262e+00
-3.900224091460114284e+00
1.026245522083720019e+01
6.472984940756840722e+00
1.128508882014698855e+01
-1.379464564734005805e+01
-8.979744737615657613e+00
2.119965569933903171e-01
-1.273628162261722263e+00
-2.790330584583492701e+00
-1.203301237108082983e-01
-1.065773674655992487e+01
-2.347533879659575273e+00
9.406867627993383607e+00
-3.277816730465555328e-01
-6.872998287330994494e+00
-1.158100384304917796e+01
-5.802701348289324379e+00
2.706470428414927198e+01
8.339647115691563029e-01
-4.514148732898355831e+00
7.355057584201154519e+00
-1.371087874745241031e+01
6.318061251064470696e+00
2.255832265104947165e+00
-9.448354754092105345e-01
3.018189870866386570e+00
1.152927700690439927e+01
-4.262549179791360388e+00
1.180244157229051627e+00
1.242079289666379927e+00
-2.880296960535297046e+00
-1.724297111446051911e+00
5.420158066433950594e+00
1.547609531174797270e+00
-5.010930217845004364e+00
8.208964548052657406e+00
-8.210047588134374408e+00
-1.351165868437166750e+01
-1.149336972521468425e+01
-2.113638198918128808e+01
5.770138846856034398e+00
1.550047801722454643e+01
6.208867830789342790e+00
5.908518392148744525e+00
-3.354969922262351467e+00
-9.119086721593692602e+00
2.630493235805019481e+00
4.960036949236493187e-02
4.387844276468289451e+00
1.010900066083477356e+01
1.216381611969649157e+01
1.418688439738089357e+01
3.328141141136322201e+00
-7.628635905310099830e+00
-3.679350473619260153e+00
2.023565835887275011e+00
4.694814969316418285e+00
3.967974736297537053e-01
-1.953970136359803078e+01
1.111563557725523621e+00
8.220664228325523126e+00
-1.864344406611429417e+00
-2.321673558702550100e+00
-9.387938118928992992e+00
4.684965847213689472e+00
-2.150783192449764236e+00
6.062024862973731665e+00
1.285893286057360285e+01
-1.305408651786522434e+01
-1.235832978325161591e+01
2.151596139620735570e+01
9.783707945834532183e-01
1.582122579186286515e+01
8.336883001623172973e+00
-1.309743568092127219e+01
5.038303547054461262e+00
-4.859569709925652070e+00
-1.125738573993404401e+01
5.700021243057136644e+00
-3.893950184810103909e+00
-9.662075741301460852e+00
-5.559891347947462314e+00
-1.681741425202175622e+00
9.762727318532281373e+00
-1.255940005503211765e+01
-7.599957318731835887e-01
-1.470107863319751118e+01
-1.828754194747579165e+00
-8.201187694973553377e+00
7.034647185046043472e-01
-1.718264390068472203e+00
-8.755104664395695124e+00
7.639915849117038249e+00
4.754356917039213926e+00
-1.350394104495384617e+01
3.762068411590659966e-01
5.667489206022980675e+00
-1.218639965511762568e+01
-1.172782579108818446e+01
-2.238036288269510954e-01
4.157030386533326016e+00
8.554519809548033038e+00
-9.664625446646830653e+00
9.112755177977021503e+00
-8.037432561715707635e+00
7.500304763294351140e+00
1.106937441860263860e+01
-4.495860036345079358e+00
3.098183005292566072e+00
1.920686486578133767e+01
2.707754040505377446e+01
1.233353408280795982e+01
-5.798169969032517024e+00
3.146188177597895042e+00
1.154024685876275047e+00
-2.071349050561801164e+01
-5.190775172909727786e+00
6.044261744889181998e+00
4.435983519908820227e+00
1.302637688748333566e+01
-3.118650104591045746e+00
-1.280438093555570767e+01
-5.665033572347257795e+00
4.763467774154422685e+00
3.772783995777957700e-02
1.448136734202866194e+01
-1.369541749816029785e+01
1.096028570266614111e+01
-3.900446738387923329e+00
1.042135885337715706e+01
-1.123133890829370785e+01
5.201548560357109885e-01
9.349701234401230465e+00
9.116016424382699768e+00
1.645745505974788614e+01
-6.012406718398190186e+00
-4.840102923612883856e+00
1.370136861393532612e+01
-2.789267768750662846e+00
-3.204109902405144261e+00
5.908468784070361579e+00
-1.988955785417686428e+01
2.226631286337462967e+01
2.472533971072908088e+01
-1.835987491734479171e+00
5.932650102066508779e+00
-2.518964658831225023e+01
1.468165437463635747e+01
5.665293593075187317e+00
1.156246958354743448e+01
9.909773296265099063e+00
1.166368170513038827e+01
-2.062346399854245149e+01
1.418989229834167354e+01
-5.250153434462319524e+00
5.373484990034551601e+00
-2.058100373754960521e-01
-5.784911358794841085e+00
-1.851685261054243625e+01
-6.768515460362747760e+00
-9.955810604038745737e+00
-1.155869157812734294e+01
-1.458295932995115063e+00
-1.731579915432768146e+01
-4.302897170970918950e+00
4.666141490300018013e+00
1.200484810747936493e+01
5.204078549352387562e+00
9.181175351379737393e+00
1.382631988568456904e+01
-9.109727760961458642e+00
4.217507419840335614e-01
-2.299834826834777246e+00
4.822521765910760649e+00
-1.520026254198043958e+01
-1.743576569813039967e+01
-5.165579787317015281e+00
3.573488013560828236e+00
3.649530930791170746e+00
-1.150779030413421777e+00
6.396566299388712018e+00
1.737578880880645271e-01
8.617336819808273374e-01
-1.015035444019037847e+01
-2.939134671331526505e+00
8.022898174265188587e+00
7.693476494140044863e+00
-1.902021036381465535e+01
5.907151671663262604e+00
6.034235059610054464e+00
-4.760889980487641893e+00
4.928278469366650150e+00
1.246128444054446049e+01
3.206716059090239934e+00
1.815125224107827862e+01
5.047924267585067071e+00
-1.733579323989910748e+01
8.965276648647311220e+00
-1.263442803385165236e+00
5.951812545468246896e+00
2.148817505866308863e+01
1.049711426314473783e+01
1.882265458824968762e+00
-1.232103810428901269e+01
-1.812893557756226848e+00
-8.312811308271720989e+00
-5.861862639476274950e+00
-6.619968121924930671e+00
3.377110239059667229e+00
-3.593739477766241031e+00
6.745574064341012033e+00
-1.181660787935921419e+01
3.748887783505678861e+00
6.208231750949303240e+00
-3.509277282074285242e+00
8.228493456968630326e+00
-5.763596563875851508e+00
1.730892380998315438e+00
7.680740508544913192e-01
7.567893462992349995e+00
-1.675113196575727326e+00
-1.129490583773846879e+01
1.465618563065842217e+01
2.335733280350618946e-01
-7.798892967428384893e+00
7.937234690615606603e+00
-9.550782422397821492e+00
1.523711417912678279e+01
-2.538502673242251650e-01
3.199344104418410772e+00
-1.356479782997490169e+01
-2.390144411707199712e+00
-4.769437385423823450e+00
4.693575595609779327e+00
-4.832090963059111344e-01
4.764945714967351975e+00
-4.957551652458163538e+00
-1.024681685631799155e+01
-1.811854426766966508e+00
-1.043730527540340525e+01
1.758733728141932406e+00
1.395763149379701584e+00
7.549221524131036531e+00
5.572373351275540010e+00
1.769841131135544643e+00
-9.392553223826915598e+00
1.127350088410795692e+01
5.346691190640373570e+00
-3.587649082193298256e-01
2.008934469159127545e+00
-8.556023928289338443e+00
-7.619910760330890653e+00
2.206921247110137685e+01
3.646336442485661244e+00
-6.432388545494054810e+00
-1.463310763504991030e+01
3.202873383369252203e+00
3.237658866146361891e+00
-6.300767916951918401e+00
-1.662270172231275822e+00
8.931223713951107257e+00
5.394580340541640595e+00
9.595326225379509077e-01
-1.954218141752213356e+01
-5.287936558262127384e+00
2.993943187496585168e+00
2.133281563807025272e+00
-8.877342440028810344e+00
-5.647786431541367946e+00
-1.419820450332111150e+01
8.131793550573490847e+00
-1.057740374884345513e+01
-1.626995701784527881e+01
-8.122361934046953280e+00
2.682220325583883902e+00
4.895719033319051228e+00
-1.742574591032567000e+01
-2.423933132617787312e+00
4.736041790720512346e+00
9.225592305345312383e+00
-5.496815319592485594e+00
-1.643797631130649917e+00
2.085020132508878277e+01
4.444018929327987699e+00
9.111920050183840658e+00
-3.267768842605405788e-01
1.051975358348153833e+01
2.902160712853126157e+00
-1.020553986165498728e+01
-5.005532891528444495e+00
2.728787462360369176e+00
-4.482156264453049488e+00
-3.319399582803314708e+00
9.006326554614158653e+00
7.135048153324030196e+00
-1.098782880488824532e+01
1.064571863381793548e+01
6.039744710008910777e-01
-1.755402549812371760e+00
5.750037530915128592e-01
7.221460191974110598e-01
5.457523700264833799e+00
8.684715927976112582e+00
4.249034695910678394e+00
7.828755655903970379e+00
-1.926066537386207367e-01
-1.781988186539107843e+01
-1.253061990417746863e+01
-8.650680950607402053e+00
1.257135166814005167e+01
8.332783721233941066e+00
9.474940684046472938e+00
1.174795577288602999e+01
2.023472848889080744e+00
-1.209255437891675378e+01
-1.374368851788063495e+01
-1.552382365658039021e+01
4.831180494010181015e+00
1.485903925445258622e+01
7.296672507775613603e+00
-1.369673738597952983e+01
9.526678295855830925e+00
-1.680899906475465855e+01
1.301416994697849461e+01
-1.830144084197824039e+00
1.164619940729838810e+01
-2.496219078560894644e+00
3.122866693981330322e+00
-4.325522826946462729e+00
2.170027855294304420e+00
-1.227537767556115256e+01
1.600956969139022590e+01
-3.669824625622020609e+00
-2.555183452659232657e+01
2.574809641650729120e+01
-6.805214657131696043e+00
2.315158998926930334e+00
1.625900269787168839e-01
2.984365067047270337e+00
-2.496615880588758607e+00
1.118550600091204927e+01
-7.587571662692197627e+00
5.779165069185653314e-01
3.552350730486665498e+00
1.787821012660590370e+01
3.239692338345164124e+00
-1.220055054476042455e+00
-1.842667841244492166e+01
-1.397652825207140026e+01
-2.117878288059187497e+01
-3.756396121316239345e+00
-3.660484873717293919e+00
-1.029390043727977400e+01
1.115383581754723963e+00
6.379487361786440047e+00
-1.324317150690433209e+00
8.874214012120390294e+00
2.163708791643717788e+01
1.874108374342067007e+00
1.350299838933169561e+01
1.097944034718748973e+01
-7.447928981276098703e+00
3.638285733304810421e+00
2.090559413087393903e+00
-1.392362159762519269e+01
-4.186299071388075888e+00
8.122737628702310531e+00
-8.616458007711667477e+00
1.573739177515039067e+01
6.665957857994486702e-01
-3.116308101075919712e+00
-1.368461572118288228e+00
-3.860370381690635400e-01
-2.471383171270753465e+00
2.876154802212864237e+00
1.276070431102625413e+01
-6.027547912374218164e+00
-2.563998716516154852e-01
-3.662987835066134679e+00
7.421470362823178846e+00
6.033409513026658288e+00
1.779667994470165127e+01
-4.131393357613053041e+00
1.749744591565475460e+01
9.197645751526797753e+00
-1.265699986977205249e+01
-3.772893466879569502e+00
-1.139138499721552300e+01
3.281504881939198093e+00
6.969199276940159393e+00
3.921185742374993399e+00
-8.615861819175636427e+00
1.203071748755583137e+01
5.770150482688539029e+00
-2.099360011704911955e+01
2.145831165202772084e+01
1.512232496878426757e-01
9.313416277148764522e+00
4.113641154860738780e+00
2.558704421813315921e-01
-5.746601211206470161e+00
-1.214789163758141122e+01
1.472985329790441433e+01
1.105467036820624038e+01
-2.620391451330328803e+00
-9.476906312233984053e+00
-4.009307501768966553e+00
-2.147130149139933941e+00
-1.699115450418469919e+01
-9.598630194987698872e+00
-1.869363827640088260e+01
-7.126419331365976717e+00
7.178802673491613717e+00
-8.408356635233339205e+00
-1.054781595104928371e+01
3.921040106630156785e+00
1.780886158144112841e+01
7.342656242265087840e+00
1.061808035126320782e+01
1.286495291618969716e+01
-1.243033941405876064e+01
-1.119343238988617983e+00
1.920613252308520558e+01
2.932055527664039651e+00
-4.258758837476892545e+00
-1.213964789507933162e+01
-1.128535209080355539e+00
-2.958098307752220713e+00
-1.454716786238076587e+01
8.566554951752500813e+00
3.608752138014981736e-01
-5.335389835616509480e+00
-4.132273782285063923e+00
6.095804843622557811e+00
-9.070253551011177251e+00
4.038131035518553347e+00
6.336623197148113285e+00
7.043796830244112073e+00
-1.753396280036496435e+01
2.782219866380733375e+00
-7.397250410994561598e+00
8.155655605650517614e+00
-2.261035689004175175e+00
1.361535602325636241e+01
5.971238457826852364e-02
-1.964690934313789228e+01
-1.796849739739332374e+00
1.712337004942042640e+01
2.266008838907276779e+00
1.245835111498017866e+01
-4.532342091358298575e+00
-1.042886248069424315e+00
7.057771999988588618e+00
3.962535736344628745e+00
-1.708195235864311812e+01
8.593859693635032215e+00
3.625504514165290182e+00
5.381124191316969396e-01
2.365983053148591253e+01
-6.120470329825606903e+00
-1.342853147273232040e+01
-9.257283270292356647e+00
1.223209366261593445e+01
-1.355340132433240896e+01
7.110699441342729799e+00
1.380635935558841254e+01
8.288326939523125603e+00
-4.806621988817656899e+00
-1.744513975145693507e+01
-9.873485031109378696e+00
-6.124648270607750078e+00
-1.725297218722697679e+01
-1.295355502009245896e+01
-2.779759934340365390e+01
-1.041929100430800403e+01
8.060863231021047071e-01
-1.148551221345767637e+01
5.228197092119994061e+00
-1.628659354128651060e+01
2.482390326124933377e+00
-5.653231303750299475e+00
-7.659141291734425039e+00
1.363178955568485407e+01
-6.443455449270009128e-01
1.743384816472440946e+01
8.567752798950889925e+00
3.455236844162371312e+00
-1.579622401743586657e+01
-1.347070843697703957e+01
1.221446159211043714e+01
-3.500878394833393248e+00
2.733175200563747076e+00
2.928547302474796332e+00
1.345939640887700683e+01
-1.366547180528113081e+01
1.459269862888838887e+01
1.084815622199739371e+00
9.844520163960195802e+00
1.504859807335659205e+01
8.939836723978887179e+00
3.329714291870806697e+00
-2.924811225236537027e+00
1.394312979656691098e+01
3.780399769405339505e+00
-1.073313659114573504e+01
5.626303595480635522e+00
-9.311844190682553091e+00
1.078644230706956542e+01
-6.937305458844576833e+00
1.374759040813682098e+01
-7.610977997428379993e+00
3.268377404541072728e+00
1.071057392932580754e+01
5.277477230321276025e+00
-7.830471526720337749e+00
1.572695888635307249e+01
1.809300201098147909e+01
-1.097397848050174751e+01
-7.582777599516989042e+00
-5.236051086102579966e+00
1.844064722318810823e+01
-4.293464090459251814e+00
7.640807591204749727e+00
-2.870123380952905201e+00
-1.371682985286353462e+00
-1.023898194861940958e+01
1.376558654006019067e+00
3.414171040702889126e+00
-9.244181632791420355e+00
1.929051095583458775e+01
-7.762423157559174669e+00
1.072118801804972144e+01
1.680534059107719358e+01
6.918232140205923031e+00
4.951599816507889606e+00
-1.338230877424859466e+00
-1.091137399167926958e+01
1.995429454452248308e+01
1.416181149899739822e+01
1.710932749347007509e-01
-1.125914929061553060e+01
9.849485128239168219e-01
7.079722641469183841e+00
-9.586115976369613989e+00
1.488288831383812649e+01
8.408336039818856023e+00
-1.772815634382056516e+01
-8.968367161838026291e+00
-4.775486968302130819e+00
-3.114245025282961765e-01
-1.790161736190381214e+00
-1.024165924313934184e+01
-3.389682344329513874e+00
1.528886967106436856e+01
5.722813842927028105e+00
-1.453922723274469142e+00
-2.844379706731849033e+00
-9.277772566081446404e-02
-1.069315744494345743e+01
8.337328881225397836e+00
-5.234666361672878132e+00
2.525409300479278141e+00
2.862599077565841554e+01
-1.103446985725372187e+01
1.044280160670702884e+01
5.843174091234139667e+00
5.815357425434494409e+00
-9.238377831290430109e+00
-7.071419701419724646e+00
1.866861331810001801e+00
2.638379157557785071e+00
4.866252154863161650e+00
1.945774441356636331e+01
-1.306689921256633014e+01
-1.149155631323274029e+01
5.688516626040978963e+00
-4.923017185042233734e+00
-1.853969197578520856e+00
4.112506785187306946e+00
3.845142637286681486e-01
1.721912158757675471e+01
1.755157013852193515e+01
2.324469848098630109e+00
3.984567494371782814e+00
-1.040457127581522379e+01
-4.791950496715116969e+00
4.437757939726045819e+00
3.393809964001850421e+00
3.432004917528042931e+00
-7.804096810955123420e-01
-5.145840936405353894e+00
-1.607687121377828987e+01
9.142839042224794710e+00
8.402896959363944873e+00
3.419714769148782363e+00
-1.156597001776529510e+01
-2.184100653437795803e+00
-1.993509092236343960e+01
1.405473280724196172e+01
1.318332719167048950e+01
1.092916848761096915e+01
-2.932600215705504221e-01
8.385975277608272549e+00
4.044110892737492691e+00
5.241454991084167681e+00
-9.775358016583945542e+00
-3.804253322967386275e+00
6.398035345316877454e+00
-2.127975547802658074e+00
-1.801171431348758034e+01
-3.022348530663818700e+00
9.320313254438028494e+00
-7.028911545016036655e+00
-5.777632875845782223e+00
-8.809377713211141270e+00
-4.235574544904649130e+00
8.071653883110030403e-01
7.821654960327236950e+00
-2.059592469424372130e+00
2.085361391273524490e+01
-1.178386140270089477e+01
8.881554249002535428e+00
-1.019527629598268703e+01
7.287652641295148115e+00
-1.260480388692884368e+01
-4.139606823515967093e+00
-2.744826504803500100e+00
-4.537518179685054776e+00
1.097905780378636109e+01
2.445373202414049096e+00
-7.698550820150497076e-01
3.075420101254625060e-02
-5.950681319264640168e-01
1.114027202756654411e+01
-3.802579178737464538e+00
1.688235861836366070e+01
4.368147637409808048e+00
-5.186282005985568766e+00
5.105410654969148254e+00
5.084852320167784434e+00
-2.102502061349066365e-01
-2.542359477098348197e+00
1.400886862145848077e+01
-4.422025939468180233e+00
-2.181440405660286075e+00
1.488618640871860188e-01
5.105195210293640429e+00
-8.537391431207054238e-01
5.919565447658110546e-01
1.870022310692363021e+01
8.311481247334018718e+00
4.245943388888131054e+00
-4.211613344218175570e+00
-8.419911054574720666e+00
-2.027676601056772299e+01
-4.710822015158382392e+00
-2.159810685095474980e+01
-1.590718572015404497e+01
-2.406887661262283373e+00
-1.643365877217423110e+00
-1.001038028991263573e+01
7.146346103124940008e+00
2.364048117117832248e+01
1.644784673092749783e+00
1.405015065569035437e+00
-1.766761914166328040e+01
1.191747942768667734e+01
1.200594446861006048e+01
-3.278961542937463669e+00
1.307603484340715028e+01
1.917016881125421435e+01
-1.931792214312515199e+01
6.855515160844218414e+00
4.610222733513387183e-01
-9.570666402570317643e+00
9.533786181448473229e+00
3.575920230637544162e+00
1.256381867127109686e+01
-3.665396212766385720e+00
5.179584021167162433e+00
-1.526305310890787936e+01
-1.595661632470807501e+00
8.768183035952336724e+00
4.731661669088379263e+00
-1.065968920486717586e+01
9.766178732496431536e+00
-3.253892315514628653e+00
-4.505733065782830948e-01
-1.094777445161048490e+01
8.386621975416558072e+00
4.334342550149008488e+00
-8.386681560557876836e+00
-1.068856549337774098e+01
1.656912944252607289e+01
2.708760615889187484e+00
-6.961079542214688942e+00
1.243184180886027557e+00
8.480151415395578596e+00
2.360861973789218471e+00
1.025291776253459908e+01
7.221558737112545145e+00
-1.683771231085945885e+01
1.503924755299939342e+01
-2.892955615674209113e+00
-1.144732892655788525e+01
-1.263624888119911738e+01
3.754916800449001002e+00
-1.274602872531404429e+01
8.799927696849568548e+00
-7.270685598737060218e+00
-4.420001232236356437e+00
5.793085295532909740e+00
-8.883991463686593093e+00
2.354416941378072536e+01
-1.145978415027078867e+01
-1.624262447645511287e+01
-2.057511510900912199e+01
5.688308595475830565e+00
1.144683804196962740e+01
-5.475736380889616228e+00
-6.300863876508623562e+00
-1.623969927052034690e+00
9.364048928274659289e+00
4.082075709134660002e+00
-1.008294950424264691e+01
4.299509050829205314e+00
-6.545763174392179806e+00
5.086422935837685344e+00
9.298351241393985944e+00
-7.001852035512186490e+00
5.528799476787321865e+00
-9.060147938287267166e+00
-5.971719838982094686e+00
-1.023199356449649144e+01
-5.991143930055653044e+00
9.845144532991898956e+00
-7.410266614547255770e+00
1.256800385701820844e+01
-1.656642948641364521e+00
-3.908164872036117732e+00
-6.118657766228079442e-01
1.019038310613140652e+01
4.153073214197760876e+00
-9.209971040949543664e+00
-1.115456614226505039e+01
-1.955568698013334217e+00
1.118415051776883651e+01
-2.935032804823015873e+00
-1.646701638906490217e+01
-5.234599931474006596e+00
-1.294421050164759279e+01
1.831502122104300057e+01
8.549284508198230270e+00
-8.024199764863093609e-02
-2.023940812448374515e+01
-2.317540815468967175e+00
2.569548285279556477e-01
-2.319345233810906848e+00
2.961489086155539407e+00
1.293342089356609392e+01
1.214132561587346970e+01
-7.042803607146305822e+00
-9.750781768831487284e+00
-8.798689660819360991e-01
-1.736865412809572184e+00
-3.580033893397398526e+00
6.796837332484168215e+00
-1.498962635250885533e+01
-4.800761852365899252e+00
-6.517782328271746195e+00
-6.235404258780873121e+00
-4.855791557412717729e+00
2.235426389812051884e+00
4.993795294097718718e-01
-2.172979268796733621e+01
2.224207086291023572e+01
4.678815707649460975e+00
-1.112170787456876653e+01
-1.228446211973300617e+00
-7.677489330308696402e+00
3.974586094618372201e+00
9.989263477862596829e+00
-1.822659056809466804e+01
7.726419187978104432e-03
6.914351618122795529e+00
8.840882317111438127e-01
8.064582086975743636e+00
2.572190389675968802e+00
3.805345846499552653e+00
1.078078741201708723e+01
-4.501747531523067281e+00
2.053233593068014073e+01
-6.833923035856239281e+00
7.094405883964803650e+00
-1.772038470770069818e+00
-4.773704625548883529e-01
-7.885116872928094267e+00
1.551768756553303596e+01
4.466815373048122595e+00
4.959138464173257765e-01
-4.611525426460620913e+00
2.310527560209623488e+01
9.797361938579044249e+00
-1.028736535063668533e+01
-1.565259881844736611e+01
2.122446819059715217e+00
6.590150381937778690e+00
-1.036987342297561909e+01
2.870006830780793994e+00
-5.674375286259827789e+00
1.169372914174610578e+01
-8.664352717025506578e+00
-5.323400698598955705e-01
-1.301620281495323717e+01
-3.977037325911912280e+00
1.659743146090484567e+00
-1.184827942704351322e+01
2.127897896330778860e+00
-7.625702671616313211e+00
8.339329798571050389e+00
-6.313455230528185247e+00
5.399852868249750415e+00
-1.221370267293211498e+01
1.001242131406458569e+01
-9.883726794243619551e+00
9.461691586266148590e+00
9.118851972287560059e+00
8.209103209661014589e+00
-3.129490626220092864e+01
6.918173493461960533e+00
2.100147678729935308e+01
-4.059211577069066657e+00
1.189457135506227559e+00
6.841432092252506258e+00
1.798728055281943483e+01
1.700792698602791253e+00
-8.618037276061423668e+00
-1.002829240843669822e+01
4.500435837399010097e+00
-1.222912641320562699e+01
3.630866656753136468e+00
-1.061295902795851909e+01
-8.173812024454706560e+00
2.428350645413162479e+00
-2.398125333300887618e+00
-1.308202813073555681e+01
2.026563912492555630e+01
-7.751753342665389290e+00
1.525374438197941629e+01
2.026689959673296126e+00
8.734311132123541432e-02
7.481034128276954576e+00
6.225899737563000080e+00
-2.851687773150892724e+00
4.482410698777971270e+00
1.165995144564936936e+01
2.124310501263460438e+01
-5.403797046477870403e+00
-8.254482422447594558e+00
4.892110972119442458e+00
9.841763772883751926e+00
-4.149667942933644937e+00
-7.119801593110812732e+00
2.056094800378779652e+01
-6.617646651552730575e+00
-1.109598892712842222e+01
7.615933007474064098e+00
1.189202875599577780e+01
6.204295009939545302e+00
7.582526557855730154e+00
9.486227920157269677e-01
-4.259992650682318249e+00
7.132332060652686323e+00
-1.317939602190640436e+01
-4.404211969169904428e+00
-6.017201845385989678e+00
4.419816618254906793e+00
-9.970848241033822390e+00
-8.545701249203172534e-01
-1.123033597027700559e+01
-6.650115565647020333e+00
-1.513671296533859945e+01
7.084431247840424106e+00
-1.440428266928554990e+01
1.274876072333984034e+01
-3.612501700802139837e+00
4.230947546172947882e-01
-3.317394891428918413e+00
1.637739267125870146e+00
-3.283162429104344859e-01
5.985635611308711551e-03
1.829724614502589386e+00
1.680837503256783094e+01
1.413752250808037569e+00
-5.528028354973114844e+00
-1.394587361600110498e+01
-6.111335154350905796e+00
-7.702646454779796592e+00
-7.422523872612076801e+00
-6.884450172375816912e+00
-1.043308690132521477e+01
-6.171648911028306372e+00
7.087204713679685852e+00
2.348353027925704703e-02
-2.181781986065588264e+00
1.341040708138260928e+00
-6.165169431728814153e+00
-4.090592493810136787e+00
-8.004731757192177000e+00
-2.446795760874356518e-01
-1.245585177016702616e+01
1.193305355595894213e+01
1.032315999152779540e+01
-4.757224196343436518e+00
3.062805448243146600e+00
-6.296821060498970724e+00
-1.671992117479934237e+01
-8.347056345929589227e+00
-1.203471345247846713e+01
1.262593379745304212e+01
-1.030819651987800256e+01
-4.674560108936315572e+00
2.118422109411879006e+01
-8.810477622353502625e+00
-7.881309152853186006e+00
-6.528379500901775323e+00
-7.627539770819536713e+00
-1.516864518926627170e+01
-1.154418378503324760e+01
1.486744841117622684e+01
-1.846996885361054908e+01
-5.052639644864106216e+00
3.083603577801579476e+01
7.982683885335650764e+00
2.622085110715724809e+00
8.910162608421828168e+00
1.485923253545273504e+01
6.805576091743292366e+00
-2.029414914738084441e+00
-7.624451627416847010e+00
4.263713473113631913e+00
-4.902656979327836950e+00
1.447367598011065226e+01
-2.335973850340217872e+00
1.467583873616611356e+01
5.279211139813351217e-01
-7.134056909250060308e+00
-7.957899480011930038e+00
1.539157783558403558e+01
6.703823880964137949e+00
-7.409998796473729499e+00
-1.633608538766068463e+01
8.191400114536433463e+00
1.602485497869067999e+01
2.872719509400318838e-01
-1.976319905577372893e+01
-5.837369736066508885e-01
2.922479659708271171e+00
-3.044992378675119404e+00
8.903315512125695719e-01
-1.242230327135297330e+01
7.482848284418932572e-01
5.095838805029526242e+00
1.181133626531891778e+01
4.968967456951965289e+00
3.995726153476339970e+00
-2.149070363572269216e+00
5.810875945468287895e+00
1.427775829194465373e+01
-2.055834811564440368e-01
7.076110077417128164e-01
-5.370623377513961128e-01
-7.104290501575128758e+00
-1.589456251175679569e+00
7.020888510861269083e+00
-7.463622749838306980e+00
-7.963360291110939126e-01
2.080114772818028701e+00
-4.549654455706909850e+00
4.007367007281910087e-01
-5.834922074025841177e+00
3.029047949976316212e-01
1.367618679313175933e+00
9.912333299753171900e+00
2.005115805898928016e+01
-8.510514354797292569e+00
4.905989685883072937e+00
1.005106899609494775e+01
-3.809885179096632157e+00
-6.968504162870012841e+00
1.436442227176167385e+01
2.334702802249574827e+00
5.914545541769507864e+00
-3.603264178392465045e+00
8.575037863665244231e+00
5.916056123258060850e+00
-8.024278341173886275e+00
-5.122833951490064486e+00
-1.764640977818220691e+01
-2.232026017263555318e+01
-1.669919671077651202e+01
-1.236691514971780492e+01
-3.042454361234814719e+00
3.088708492238616099e+00
2.109604167108661166e+00
-3.978411615138828239e+00
-8.545394808748518756e+00
-2.928218989345781065e-01
-7.578295113036755737e+00
-5.206445812568649245e+00
-1.413858976519091648e+00
9.737130450001592052e+00
1.008412583249455263e+00
-8.685655197046397547e+00
-3.950548626872896651e+00
9.307997299184176399e+00
6.525238661976263899e+00
1.066011312913587084e+00
-1.884117829913566666e+01
-3.555354273673961174e+00
6.186040334192359325e+00
2.153553371129268701e+00
3.268486838285924989e+01
2.932897361384234625e+00
1.851116690239197116e+00
-4.415144620537880371e+00
-1.045437637013924892e+00
-1.320854822853414667e+01
-4.423584742372747236e+00
6.768799569434376551e+00
3.294583064565311137e+00
-6.685844768395919679e+00
-6.828146048926763356e+00
-8.395871842100708804e+00
-8.011259702487405487e-01
1.989078982444319132e+00
-5.983066311895294476e+00
-4.189172249044069929e+00
8.857339234881735024e+00
7.650298301363572584e+00
8.229082133427438883e-01
3.101053534947879164e+00
-5.914851748542742094e+00
7.382589125033359068e+00
5.508960547518203299e+00
5.729033899980452205e+00
4.557364472926305865e+00
-2.681154794951601250e+00
1.068658018261373499e+01
4.670864849398954632e+00
8.856694407100794919e+00
-1.591073134975498959e+00
-1.387788385182329876e+01
1.354713107469541988e+01
-9.488927440765104748e-01
8.571890046118898709e+00
-1.327743415148658634e+01
1.309836565816535625e+00
-1.780736587244538072e+01
3.634633171445817545e+00
2.252891205413812514e+01
-1.361029498740081500e+01
-1.527912681136389494e+01
5.461842405963576397e+00
-1.008507898891908461e+01
1.035473649353897407e+01
1.612565496546874311e+00
-5.944122042577030030e+00
-3.940468323224244784e+00
-1.561979811516464700e+01
4.376604668782781538e+00
2.312232700967452370e+00
6.015291007025370895e+00
-1.661250240938880185e-01
7.649162598146474146e+00
1.064503168073566997e+01
8.702750874968685935e+00
-6.742769166938817449e+00
9.390109993688755541e-01
-2.068836275782986789e+00
4.240439533332836852e+00
1.502833363554589496e+01
2.117100687215920729e+01
1.978740629463666689e+00
4.366248642138369718e+00
1.147182587098885698e+01
-4.630103006191555792e+00
1.068524131525634857e+00
-1.263205815448326108e+00
2.399438765365918158e+01
-4.769043720583637125e+00
-8.069018468169891989e+00
9.982296862531832460e+00
2.847073372829221327e+01
1.074606451971983034e+01
1.001842303410296608e+01
-8.565740633602292320e+00
8.739999574796863513e+00
4.492716148630775952e-01
6.925625184525273426e+00
1.048954629115493586e-01
9.736560021487493444e+00
1.147040867624772176e+01
5.905299981781032770e+00
1.795940823192594493e+01
-1.368630370367402271e+01
1.266396330527125258e+01
2.385308362803304050e+01
-9.308153086066738302e-01
-3.448220777014028737e+00
-4.663051379082233439e+00
-1.399389301629408067e+01
-3.768722246129081466e+00
5.659150715783491492e+00
7.960342470495694656e+00
8.432829083551551363e+00
-1.209479497939403680e+00
-1.257270534480265489e+01
2.995412467655176769e+00
2.257269279066637768e+00
-3.856528345703637228e+00
2.584487037033786017e+00
-3.270660284802975881e-01
3.427536722870296870e+00
-4.585548311005251954e+00
1.504343853898107986e+00
9.999937010990835873e+00
-8.419562928725316198e+00
2.241165976753655364e+00
9.771672324653088992e+00
7.600404049050693445e+00
-1.725244568465987527e+01
1.091030601744211959e+00
6.707691603743005437e+00
-1.235019059661255270e+01
-2.326762328698393034e+01