-3.301045567803819747e-01
-9.905954143320007121e-01
-8.534247093109938120e+00
-1.820528638492044848e+01
1.130437163975594927e+01
3.996456936601209708e+00
2.711887772823057929e+01
-4.671492361755091416e+00
1.019662029190079977e+01
2.897596797619868880e+00
4.557852935582326737e+00
8.414387677336693017e+00
-5.942517719690556532e+00
2.226382629454681794e+00
1.527423038674796674e+00
-3.135034165777798165e+01
5.093420325765216639e+00
2.116645867611752152e+01
7.651082160119946352e+00
5.977611279489520868e+00
2.028468839771626175e+00
-2.057418223000338742e+01
8.746539379734297626e+00
2.331400422574002818e+01
1.821014241005902978e-01
-1.027354868163669899e+01
3.256460824630018625e+00
1.543576323009870954e+01
-5.386992113452111042e+00
8.518676129565585953e+00
6.440033936499630407e+00
7.644597744142550555e-01
1.449732197536972755e+01
-4.198880501593142078e+00
5.394817191449733373e-01
5.391018318623071792e+00
1.871066180231366616e+01
-7.344355941482682004e-01
-2.329845658935136044e+01
-1.499985519150503777e+01
3.549732038012740620e+00
6.193863678147257801e+00
-3.479749568840302398e+00
6.700613789533687914e+00
9.581363718229880533e+00
-9.165909451943320407e-01
2.521080040359400254e+00
1.173960041052739989e+00
-1.403861270171124787e+01
-6.237913951130595880e-01
6.349797566568732066e+00
-4.849799675996981030e+00
-1.075352619480393734e+01
1.517334200289847068e+01
-1.368060475696548295e+01
-1.226701340013228325e+01
1.464522859145311529e+01
1.831682846989295754e+01
-7.530123422901182195e+00
-8.162486673709784313e+00
7.456313604951510854e+00
-1.661734171721475306e+01
1.652611563269909212e+01
1.968812400629903436e+01
-7.069451743285535272e+00
7.511781689928471728e+00
1.166271878639084392e+01
-1.411777963685980453e+01
7.982670360871684245e+00
3.288846674582964980e+00
-9.683038527729282974e-01
-1.969510445110470576e+00
3.920324774476033447e+00
4.750523054400695777e+00
1.278628367588357229e+01
-5.246770168249764943e+00
1.327542840248898415e+01
4.136574432767890386e+00
-1.003402979071825918e+01
6.053281430203921509e+00
-2.133348222294662833e+01
2.363583754806817794e+01
3.728209005744531179e+00
2.875183921068227733e+01
8.504449160173301880e-01
8.699817510851850955e+00
-2.072727048919035475e+00
1.306939146635683180e+01
2.240020882016262505e+01
-1.780025284492538162e+00
-1.862174984943638378e+01
-3.888905605192043147e-02
1.757428537161663940e+01
1.641906622474931687e+00
7.228036268142256304e+00
-9.266522872964729984e+00
-1.309063169588579358e-02
1.964783563963758084e+01
5.984856379982591790e+00
-6.507536971392814173e+00
-1.485856659176716477e+01
5.001042838619574660e+00
1.014521155433863342e+00
-5.949581773067523782e-01
1.428251688903400307e+01
-3.546530311981171302e+00
1.974175267526333499e+01
-4.156052422733262475e+00
-1.483192096999774989e+01
-3.770378016240504948e+00
1.083501416508897641e+01
8.622696663309337595e+00
7.684416088204426565e+00
3.256115899462251662e+00
9.078780561147983263e+00
-6.377163789968658847e+00
5.738679143502945834e+00
4.414332308513414738e+00
1.225068539504997567e+01
4.312365688554653964e+00
5.924191110073728339e+00
-2.737735608808955501e+00
-4.368207856123312638e+00
8.608556298712690236e+00
6.254664101963701484e+00
9.191263324604889817e+00
-1.400120313704585939e+01
1.272061329894241588e+01
8.214139824319385497e+00
5.571076707714266441e+00
2.093877004566058631e+01
-9.667595667632692624e+00
-1.122773252891190410e+01
6.737678724232482708e+00
-7.763776477270018184e+00
1.240165386014217574e+01
-6.463876709932173448e+00
6.481470941061936664e+00
-1.067424401459183336e+01
1.772694594560232417e+01
-1.637781789231494400e+01
1.360659274414634901e+01
1.230826001793972679e+01
1.892262171289129924e+01
1.140971531756667900e+01
-4.759537723937367737e+00
1.131671231564512325e+01
1.172219400849093063e+01
-7.495780543773115312e+00
6.347501718037575902e-01
-3.854777395471399082e+00
6.623015572730671430e+00
1.490321997086905981e+01
2.861197978662472963e+01
1.425385996323232440e+01
5.742527895035487440e+00
-1.098550633555055178e+01
-5.871065323538470215e-01
-2.480965087341682196e+00
8.175837973768230071e+00
1.301409749026398188e+01
-3.446645276180363027e+01
1.148453629864275527e+01
1.477200958896117022e+01
-1.890248809231852345e+00
-6.059189123186909942e-01
7.189709250314044731e+00
-7.657339728070028606e+00
7.060778227724741285e+00
-1.013945015584587850e+01
8.578099408227512157e+00
1.006441637157639235e+01
3.830624267980895059e+00
6.672461942495401255e-01
1.819996311518427845e+01
9.364771095992278305e+00
-1.388352272405052545e+01
1.707407760879601000e+01
6.692812368350772090e+00
-1.450780905446515234e+01
3.312044766940700935e+00
-3.150055361196191672e+00
-5.132794635085905277e+00
-1.643099937142019584e+01
-2.729352129592638843e+00
-4.070757491888287838e+00
-1.769237826558106264e+01
-1.910783284216503830e+01
-1.830856643085530067e+01
7.400453168363252843e+00
-3.002934678530903234e+00
1.208443703698287841e+01
1.136383133418456381e+01
1.137607397142373422e+01
1.822703053186632971e+01
9.765292939708080766e+00
-4.478920336431490234e+00
5.943901040640991340e+00
-1.812205210670668976e+01
-3.393528139223642270e+00
4.114772977476215843e+00
1.286001811171884057e+01
2.289356336420834026e+00
4.484408626932339992e+00
-1.730716398657050092e+01
-7.324627625569375411e+00
5.173337651409122273e+00
5.584275596975485811e+00
-3.646647014129760667e+00
8.616268735723927819e+00
-1.580931210698568012e+00
-1.815468593622075133e+00
-1.220806593970528375e+01
-1.844548388413461382e+01
2.243528704562001508e+01
-4.847038041564962541e+00
1.537398151771075805e-01
-7.627532294557863857e-01
5.650543983013419869e+00
1.907808422998907849e+00
-1.065050359123128842e+01
-8.777782860281590160e+00
-2.725765836837141354e+00
-1.728666220412082666e+01
6.825256323120860724e-01
-1.943632332444042154e-01
-7.888713622752286270e+00
1.560437951417173252e+01
-1.861054703493373097e+00
7.946083157706613775e+00
-6.753278707245098655e-02
2.029960247191070266e+01
2.966471305074277254e+00
1.032707997907149888e+01
6.355636049639933560e+00
-1.725664852689197559e+01
-2.884224251377055737e+00
1.544349544299405252e+01
3.631467052242907556e+00
2.301029676477245989e+00
1.184550499912914034e+01
1.874610866456450964e+01
1.167420162197958788e+01
-2.046607913651806498e+00
-3.184859420115371709e+00
2.490664015677375165e+00
1.511779469195172609e+01
-2.038211327291814001e+01
-2.597124198893163149e-01
4.207841306253381930e+00
-9.896578354322864257e+00
1.360034122077767194e+01
1.560739571023928640e+01
1.088987015034349426e+01
-1.317316578603299604e+01
4.728225290709271889e+00
-1.300443677951319765e+00
-2.228870677139978795e+01
-6.743167211068091804e-01
-8.895558281551226187e+00
6.737012776869280017e+00
2.675534114997227064e+01
5.562524359527433404e+00
-1.662466597968691673e+01
1.751969744497610337e+00
-5.346908983200063581e+00
-3.266352176708193777e-01
-3.777179306925945723e-01
2.297300579736175052e+01
6.061875438106283376e+00
-4.389373663101117096e+00
-1.099343593182929979e+01
7.010361966957754376e+00
-2.786993482934446931e+01
-2.435719544053858598e+01
-1.927142735712137167e+01
-5.155870804772225924e+00
-1.296412323034660918e+00
1.979503714193878139e+01
5.668932764369656319e+00
-8.656307259563789103e+00
-7.105516703198967221e+00
-2.099716950667585458e+00
-6.077803713787601758e+00
-5.321895623850343426e+00
-1.321800215153737135e+01
-1.085702329240165120e+01
-4.937045374691304112e+00
3.731850944709969031e+00
-3.160963367855379680e+00
2.400320015744709767e+00
-5.504792610308724576e+00
-3.017434253846251302e+00
4.905350641299294767e-01
6.762099606169931221e+00
-1.596872943851740345e+01
2.409507739412717342e+00
2.039893773297902868e+01
3.732631928309130487e+00
6.597266455672485819e+00
-7.037231373738372930e+00
-8.531856976415971516e+00
-4.539030670611519547e+00
-3.182336153685844771e+00
6.070411228664797321e+00
7.678920244302451792e+00
-2.638059734663543310e+01
-1.277096411332167669e+00
-1.837417810152904707e+01
6.882400288489968432e+00
1.303922919250442547e+01
1.113788306943835948e+01
-1.192979000528894673e+01
5.348409278477158635e-01
6.042736081334195930e+00
1.812102436337834277e+01
-4.042335200633934811e+00
3.640378165464934757e+00
6.866489104071354932e-01
5.264116410686215941e-01
-9.555311911056357133e+00
4.531077216240468886e+00
-1.405801398774666755e-01
4.827682309409168926e-02
9.895524245263865870e-01
4.346254091881231574e+00
1.147327208401788479e+00
-1.337391923227628787e+01
5.710524156045845068e+00
-3.169959144651269267e-01
-1.819572809713804773e+01
-9.252688390903628601e+00
-1.750386212367875771e+01
1.647230081780665101e-02
-3.970636740563597389e+00
2.490764932409475385e+00
1.749033239811930684e+01
-9.408768438772824538e+00
-1.188337603932841091e+01
8.061160289146343416e+00
-4.942829542146915500e+00
-3.560902649797006880e+00
-1.248183535172996184e+00
-8.332269581024329241e+00
3.878537233820272156e+00
2.204778694673476647e+00
2.283268769380002006e+00
-1.856272066157289569e+00
-2.604104235473335471e+00
5.417645669003734454e+00
-7.127728202448956052e-02
-4.445593979900965387e+00
-1.678520954038290380e+00
1.321823496030318879e+01
-6.124568364338106363e+00
-1.156600649002846204e+01
-1.178379988161044345e+01
-7.348324473407509494e+00
-6.090764386952497667e+00
3.880809425824924830e+00
5.075290294533505886e+00
9.352777761030854009e+00
-1.205110380814950233e+01
9.589369671848752219e+00
-2.696778659501683606e+00
9.513843747076478508e+00
-5.156992169355023137e+00
7.793942663525871062e+00
1.643383445603816773e+00
-1.718164846788539313e+00
3.979847059852756885e+00
1.423825038184477476e+00
8.155658823458727724e+00
-7.582987602114683590e+00
5.571263642140196204e+00
4.148145611531205645e+00
-1.020041234540090436e+01
1.463760257642938711e+00
-1.402399093208642000e+01
1.450726032372383223e+01
-1.652774681881761243e+00
1.250932760396789689e+01
-1.393655838186504248e+01
9.051459648209105424e+00
3.729714993693968861e+00
9.615220741335455124e-01
-4.611075707078963859e+00
-7.912031590081317844e+00
-3.024249701527653933e+00
8.517131643581409284e-01
1.300736289837992032e+01
-1.908366907135094692e+01
8.150731793841785588e+00
1.390437552755760864e+00
5.356704460076998631e-01
3.172384966107042459e+00
6.620121443172808373e-01
1.309574549380642061e+01
-2.341581797257079600e+01
-8.861996262998182772e+00
8.406191233713393274e+00
3.583723387954935169e-01
-1.772042297821885981e+01
-8.363337271695989728e+00
6.178686153207095799e+00
-3.854510122552828655e+00
-1.114397844690838291e+01
-8.024850007233325755e+00
3.151085315407481602e+00
-1.194805775240804779e+00
8.113794855139204287e+00
-7.963169692388784249e+00
8.525129760311418892e+00
-1.705684799250170247e+00
2.124361745170056182e+01
6.064369314474027384e+00
3.981039489778827267e+00
-4.227142150035093415e+00
-2.293569149134384944e+01
-1.239130577250764276e+01
-1.740206739003928504e+01
2.160279814410079879e-01
1.002094250578997858e+01
-6.362347508450890032e+00
-5.796031616878221104e-01
-1.126604983928490000e+01
1.480591382860813709e+00
-9.648724653770743842e+00
2.728473619652294513e+00
-7.466217590656965442e+00
-1.700414024047933026e+01
9.283471091699350808e+00
-1.529077865966371164e+01
1.568013820545412429e+01
-1.144019116241168144e+00
1.149609775495345687e+01
-1.761915895837745083e+01
-3.768519292684565869e+00
6.771585427124248824e+00
-4.025118450774228585e+00
-1.101061133572206963e+01
2.826609368661151223e+01
6.166751060311506549e+00
2.595687769838341552e+01
1.014165810399797252e+01
8.766530671817811537e+00
-8.090641524478590085e+00
-1.977751929739503201e+00
-5.405022851685423291e+00
-1.735048668983832032e+00
-6.012060856168756295e+00
-3.499288937190405679e+00
-7.774643825711876843e+00
4.946454159318625976e+00
4.347664110248926406e+00
4.952844583961057090e+00
-6.365408337646626613e+00
-1.497158693652990280e+01
-1.126322247056744530e+01
1.409916839942201605e+01
1.455900880197729386e+01
1.249685252636149713e+01
-5.981604895234858610e+00
-1.598959189898912836e+00
-2.899761261574080873e+00
6.814048884715981913e-01
2.818156618910447886e+00
-1.037989134858122853e+01
1.422669511053196167e+01
-1.697106633070120196e+01
1.847161805236289567e+01
7.738654872581705035e+00
-1.425845996968073592e+01
7.847274959271283379e+00
-1.517218192073188376e+01
3.597285762286814403e+00
6.230762673461166301e+00
1.043206387360019427e+01
1.223286507854456584e+00
-1.393511530154716560e+01
-1.310536423531095895e+00
5.840546833565022133e+00
-2.880984881355019400e+00
-1.697016491446412090e+01
-3.891781500743261152e-02
-3.671647173400901742e+00
1.898980847681837281e+00
7.128678769659522629e+00
1.319108502110322334e+01
1.352212951858218304e+01
9.803583739539927677e+00
1.415107407370869153e+00
8.312818951165283465e+00
3.963031350242926631e+00
8.208594116704965415e+00
-1.333391391362887468e+01
1.797374107210704119e+00
6.189586094115338000e+00
1.670562580154951249e+01
-1.198905709377871531e+01
9.327046131041479171e+00
7.306068736932131991e+00
9.686788336005216493e+00
3.013642706451442610e+00
-9.218277473187075799e+00
2.060386974459350284e+01
-3.744978182101198705e+00
-4.850731999473214096e+00
-1.739287787761469062e+01
7.365453572286897455e+00
7.787850929237212227e-01
1.767936793630092929e+00
-5.141070873971900212e+00
6.858640709610782871e+00
7.347106669939552859e+00
-1.407964654588198350e+01
1.105349965272792190e+01
-1.168687386272963380e+01
-3.346548689581771985e-01
8.198408100347803540e+00
1.134410035184469479e+01
1.777023120994550842e-01
5.569061212693817708e+00
-7.743490577570759648e-01
1.819598466448453067e+01
2.061789198996256545e+01
5.832444468637270063e+00
-4.111324144800694746e+00
1.107038352283066907e+00
2.421856519865807655e+01
-1.654909128636354865e+00
-9.343392046073518031e+00
-6.101395171522075778e+00
1.343531572318500267e+01
-3.678173758917615555e+00
2.817019387225081051e+00
4.957763299790538980e+00
2.524367591603196104e+01
1.380834006635566880e+01
3.104543437878043988e-01
3.709672498256758599e-01
-2.663710141430899014e+00
-8.004089667125235508e+00
-1.903002764091858978e+01
8.056659288442476807e+00
-2.376287040239348158e+01
1.122111390653071084e+01
1.820688608963848543e-01
9.803272894027765361e+00
-1.212083769422471979e+00
4.011054063280757198e+00
-4.713147501939308093e+00
-3.230941048909274915e+00
1.716063124250035266e+00
7.849054635775887689e+00
7.766737713025900547e+00
1.321769232541003536e+00
4.989388796432993267e+00
-8.205956869652681007e+00
1.097886465837274983e+01
1.767538139749451176e+01
-1.648469012068883899e+01
6.648629500527391656e+00
-4.731499380919927056e+00
1.834852060160278686e+00
9.087605896191853105e+00
-1.435098666421996461e+00
1.446736025835609674e+00
-9.277552511426241821e+00
7.558076421646381604e+00
2.804458700542060257e+00
8.285691261680132591e-01
-5.028659925102862971e+00
-1.245433552568830748e+01
-2.207923498631152004e+00
1.080529491625453886e+01
4.319357953620101220e+00
9.062622181069103888e+00
8.720605525636704769e+00
-6.343633333250777717e+00
-4.717718314984590045e+00
-4.806058098874700590e+00
9.423712855543067590e+00
-7.546498420444041955e+00
-9.046894165025479495e+00
-5.747910870329487665e+00
6.646434688316785189e-03
-8.194937154205849339e+00
1.860781451785884055e+00
1.581107376481760696e+01
5.464898036939215276e-01
1.622961975359760167e+00
-8.473276262094621814e+00
8.739814654223257762e+00
-1.119242762468949159e+01
-6.283153602967955997e+00
1.955020363148491214e+01
2.621972323189533327e+00
1.571034340069325630e+01
8.616267688323219431e+00
2.997813706850006810e+00
5.203855551250331501e+00
9.469701419599106273e+00
6.409045681389105575e-02
2.520359996425490134e+00
1.254770533323643456e+01
-4.632937221781751269e+00
2.852830714021858505e+00
1.641038247769009217e+01
-5.110359877690941133e+00
-2.991323785568054117e+00
1.212509800507767466e+01
9.037384446641205660e-01
2.555663592792989824e+00
-5.726880522073585666e+00
-1.682592361897315314e+01
1.036018711093753808e+01
3.924566230159102886e+00
-6.893881414998949353e+00
2.336325206578924707e+01
-1.183366306031915016e+01
-5.349628676969260255e-01
1.542934893808742380e+00
-8.390466175542085736e+00
9.968193206368834325e+00
-6.307766582002977351e+00
4.285223829094984893e+00
-2.552606237875082229e+00
1.143165318505809047e+01
-1.133720546393985984e+01
-5.437415177409004485e+00
-1.289043222552252566e+01
8.501155752843216895e-01
-1.583287041316128452e+01
-1.968912923227993161e+01
2.857733221480032171e+00
-1.270667429055215436e+01
9.819494339100613978e-01
-8.194745267176188008e+00
-6.453603829099771594e-02
5.088895734123726200e-01
7.977501259112389498e+00
3.714068230772156198e+00
-4.905581050975208690e+00
-1.119491513919860282e+01
-4.003475335455905615e+00
6.357593942949192334e-01
-3.583598984850695945e+00
-1.567091065698201113e+01
2.470720518582945058e+00
-3.643973904029977007e+00
-8.062648157658406589e+00
9.004196009608989471e+00
-6.432918216534446287e+00
-1.482782307239614283e+01
1.002771834318708599e+01
-1.031662333309418145e+01
5.909447820836604137e+00
8.853610765002077443e+00
2.493086871706264418e+00
4.601636206507797588e+00
-9.046461760290705811e+00
1.465038287298606789e+01
-5.320883773019096097e+00
-6.794702185870518107e+00
-1.526141763318059930e+01
-1.464186676626041628e+00
6.435990014845724971e+00
3.175402854690421162e+00
-1.104612552287887439e+01
3.040426168162207343e+00
-1.494437783325037961e+00
-6.951744213940739492e+00
3.477315416364501921e+00
8.236446058602957976e+00
-3.234468593048402507e+00
9.880436766577277652e+00
-8.475186137199221648e+00
3.340509343972600576e+00
-2.419445293638062111e+01
1.301371234168800584e+01
-7.344844812590770822e+00
9.494786084393082304e-02
1.139679989202045007e+01
-7.343747248546974582e+00
-4.004145495930987231e+00
1.381071126973172980e+01
2.132441960466757269e+00
2.236528356218223479e+01
7.155148481431881535e+00
6.479228616626238058e+00
-7.772337340925142612e+00
4.695737155049540590e+00
-8.221969886233257085e+00
4.943630914055191283e+00
-2.731578987263127978e+00
8.400862008686909022e+00
3.126791705177065950e+00
1.441854685165391459e+01
-3.304175974493190449e+00
-7.787262213703477265e+00
1.270385389385869424e+00
-4.343107292949329734e-01
2.317147638444453861e+01
-6.694068707573990196e+00
-1.406516663893526875e+01
-3.020082219518689381e+00
1.178825487639710445e+01
-5.498479477110579161e+00
9.127128493953933219e-01
8.652101750874795272e+00
7.955246442095488035e+00
3.681540965775313534e+00
1.525674452929574265e+01
1.275875771062231046e+01
-1.294543157375990461e+01
1.598700598661016992e+00
-6.568761553076782889e+00
2.704581956751933802e+00
-3.425774364556067320e-01
1.347020991560139791e+01
-6.006939936246993739e+00
-1.049527772357618183e+00
-1.884232701545552890e+00
-1.314408744776810956e+01
-1.893052816592822296e+01
3.853657956797500450e+00
-2.467779285512597731e+00
-1.027427487544064277e+01
8.306696702483918671e+00
3.529607457282175065e-01
4.119955047460756248e+00
3.529256794492360960e+00
-4.632288692186397938e+00
-8.466203928009598201e+00
-7.958229533390319688e+00
-6.859223409191748999e+00
-1.999684262127864987e+00
-8.792185191445215153e+00
1.300660945694698256e+01
-3.768796768767523453e+00
-1.158006152223510909e+01
-5.834762635726119528e-01
-7.333195399011312787e+00
1.277355629003660509e+00
-1.314075951246112206e+00
-5.778224222720455217e+00
-7.907669618005580325e+00
-4.190077269137439941e+00
-1.561792656252274369e+01
-1.645244476586622540e+01
1.373160209904403750e+01
7.006284634990195492e+00
6.586146932055287451e+00
-7.548160381728843404e+00
-5.039761036687137263e+00
-1.328722869264053941e+01
-4.212715943836347954e+00
3.494643584644436363e+00
-1.924863335561650501e+01
-1.117858513611387039e+01
-5.546728763355202041e+00
1.927474042827440215e+01
1.435113486258502391e+01
6.205291991473787405e+00
4.601721277547917488e+00
-1.604841402893051239e+01
9.244290828205276256e+00
-1.563680795577280414e+01
-2.759344795274562756e+01
-8.509789044325840379e+00
-2.014635641196522187e+01
-4.063561485612598112e+00
-1.372773298907727035e+00
1.696888424564860287e+01
-1.630277299196210805e+01
7.425880275085161131e+00
2.821249446409797912e+00
-8.306871270828878551e+00
1.397424933956524384e+01
4.796986807404452158e+00
9.944317932405781768e-01
-1.285835875537809514e+01
-2.837393437849769384e+00
1.612627699853115715e+00
-1.279153663609684966e+00
-1.556242568628054990e+01
2.990518387760565222e+00
4.734512506811166532e-01
7.615547263900658281e-01
-2.860309293069372316e+00
-1.554472786154417818e+01
-5.196764004956520466e+00
1.388252160854625883e+00
-1.488312211405571084e+01
-4.312924990232080091e+00
-9.276373376913952029e+00
1.369293525552126578e-01
-9.328001564719997418e+00
6.597792618453802049e+00
6.250930455549799092e+00
6.288447245901496174e+00
1.744837222337439903e-02
-4.884449901359159796e+00
-1.231579539692161163e+01
1.304969554238470231e+01
-4.542404751243702243e+00
9.103485655505837215e+00
-1.221848798710163386e+01
-1.715827885050357793e+01
-7.789775259121739737e+00
4.286245178689026325e+00
6.463779784738663992e+00
5.617983880915213390e+00
-1.046705055736570600e+01
-2.980701847473936184e+00
-1.047265486626883302e+01
9.138794223429254515e+00
-3.157875966652170963e+00
-1.887735544428888090e+01
-1.109448617249631219e+01
-1.031813660373344099e+01
-6.068594632873155703e+00
1.002971167756234117e+01
2.624102865219591685e+00
2.219783350208129136e+01
-1.278818559803147181e+01
1.017916205127886187e+01
7.121789807124761396e+00
1.651323153755776119e+01
5.321426235717830799e+00
-3.098815447526420996e+01
2.984131880341551746e+00
-8.322807197964335657e+00
-6.883454803909014874e-01
7.438726434803443865e+00
6.765510001633041171e+00
-1.820690905263202453e+01
7.307968587387695614e+00
-5.847354428518924507e+00
1.351941919800627545e+01
-1.301971190719859450e+01
5.942183789675750560e+00
5.571393551823323742e-01
8.727946435952347315e-01
7.632926984803849457e-01
-1.643935923948940214e+01
3.313538013368923174e+00
1.065635707266114451e+01
6.713759052731416155e-01
-2.373453651561943545e+01
-1.704279193807512627e+01
-5.961376819106327218e+00
-1.128475954189766872e+00
-1.538629680615047413e+01
-3.315488071663375447e+00
-4.693173106175375864e+00
7.171057676977083961e-01
1.693230980348429782e+01
9.845033125792239659e-01
1.692572894236989978e+00
2.276013330824614656e+00
-5.375343390922079578e+00
7.713975510033410643e+00
-4.129251812894334961e+00
-1.526007833066758579e+00
-2.830244910589645446e+00
7.087633755506860922e+00
-2.393924533646414687e+01
7.954058351250234971e+00
-1.558724703341849604e+01
8.385061632655417263e-01
1.404926994229124304e+01
-1.697061888026174969e+00
1.313276217647629585e+00
6.990601366268101025e+00
-9.005718782483892682e+00
-1.947661581835520517e+00
-5.247573843645550795e+00
-2.297578532640854654e+00
-9.496426698117769405e+00
-9.126669290233856202e+00
1.395359994467809273e+01
1.826007926644525936e+00
-4.763676731885447602e+00
2.404599524489262841e+00
5.411107685612804863e-01
-3.449711725454214228e+00
-2.772337498531820987e+00
-6.898784058195831292e+00
9.128081229501601612e+00
1.658492686757097090e+01
-1.290520863485927539e+00
1.741445812784762737e+00
-1.967732486362030642e+01
-8.501314976747272212e+00
-7.102750143673831396e+00
-9.501493216231002847e+00
-1.743771528522572467e+01
1.255500498195194936e+01
-1.936358277100989511e+01
1.882287402141642119e+01
1.360554748961869009e+01
2.124169237537615995e+00
7.084588509149954305e+00
-1.233833072571601974e+01
2.311861697513855418e+01
7.779160309115210836e+00
5.173907781236659620e-01
3.340742414759063639e+00
2.753311815146422425e+00
-7.261521773261678803e+00
4.104037829437208629e+00
8.646954599960896104e+00
-8.373467145001614043e+00
1.628206926196656212e+01
-5.120730000778483060e+00
-1.096990756780053822e+01
3.102669892448679967e+00
1.399429111450538876e+01
2.145863945699369335e+00
7.777682319912510023e-02
-6.549339868552457311e+00
6.305772427418791182e+00
-3.530185550893419344e-01
2.692028716441341896e+00
-1.817204908381136619e+01
6.829716020016779687e+00
1.361491221432032273e+00
7.410379328899586504e+00
-2.574322791516892028e+00
8.418874888550341495e+00
8.326536074076138050e+00
-3.467567384530006791e+00
1.380325304534941466e+01
-4.471561661939934318e+00
-2.269119393487688097e+00
-7.743383052880664863e+00
-3.211347468988962106e+01
-4.178870411608309965e+00
1.232751175255028464e+01
-6.808359618299205884e+00
5.556482694038584746e-01
3.826871170260741639e+00
-3.811252503985538720e+00
-2.552302478517182394e+00
1.786820130873543988e+01
7.771687414662582505e-01
1.323033621557349981e+01
-1.075487309399200520e+01
-1.826603936673869555e+00
-1.704260889737615514e+01
-1.855529576937934877e+01
-3.688426351078136101e+00
-2.002489947859009245e+00
9.564033043385792965e+00
1.331263945823377481e+00
4.967640714892996634e+00
-1.273080598872759417e+01
-2.583258513351958996e+01
5.457475315727327470e+00
5.065358215950075405e+00
-8.005505190521867931e+00
6.731392195726393357e-02
-1.289234850861810955e+01
-3.503745800046080383e+00
9.323880515450474249e+00
1.836933499009279558e+01
-4.524705715197193889e+00
1.595474842115441305e+01
-1.757605089693796252e+00
9.906561117841478747e+00
1.149251848720417080e+01
-9.558399049280987825e+00
1.369948009397891298e+00
-1.881399015712405998e+01
-1.831398307795945257e+01
4.680338706555458472e+00
-1.448529168495893638e+00
9.496250348011615827e+00
1.908011737175228095e+00
3.796575191768424062e+00
1.953410135100653644e+00
-2.686474739437623604e+00
-4.315691303513514043e+00
-3.350144864197317496e+00
-8.710504038055651321e+00
-2.746050073219457843e+01
1.968533938847695808e+01
2.984696108911188417e-01
-3.713026841398126976e+01
-9.258183776350762173e+00
-6.977519962706555390e+00
1.015100175132073090e+01
-1.056986588344125977e+01
8.381195910404221294e+00
2.985414065732548750e+00
-1.755242051550578353e+01
-1.500895252200326269e+00
3.967900205167639527e+00
-1.021531390573239229e+01
1.362698607859240907e+00
-1.649028507817869382e+01
-1.636447718214646230e+01
-2.325049754026026960e+01
-1.054248457796864535e+01
-5.955254975171452081e+00
-1.037702864367040689e+01
-4.092922740078975608e+00
-8.238228141848844999e+00
9.305019689094944368e+00
3.389514175930593787e+00
7.492002736592617396e+00
-1.310274747398464257e+01
-2.335815433140642128e+01
2.811586417619050149e+00
1.202646955547154395e+00
-1.163689994444430997e+00
-6.727376896491056080e+00
-8.238380291049478998e+00
-8.377600262026223987e+00
5.891186271267335073e+00
2.665724922534640218e+00
1.140734039606589434e+01
4.206299752512277834e+00
-2.160658095661287348e+01
-4.749633874057593852e-01
1.597296742919937351e+01
-1.117129359833249502e+01
-2.499292105102211448e+00
-3.407402790284155714e+00
-9.110513842450663091e+00
1.078233340903029536e+01
-1.266876091107889302e+01
1.580475995418192525e+01
-1.549029363352399935e+00
-1.729695727839431374e+00
3.705391447785669534e+00
-1.510839336035540725e+01
-5.028253454763657260e+00
1.825837029956195323e+01
1.143156064495418178e+01
-9.833215547232653009e+00
-1.379384539837707369e+00
-3.253558518151626444e+00
2.636619144712682328e+00
1.763027034834502871e+01
-1.602502166922040949e+00
1.268003800314484675e+00
2.660756385431836790e+00
1.308237041985805504e+01
-7.871641913791056488e+00
-3.411402876452782174e+00
1.465730030218957580e+01
3.313060292962217712e+00
-5.269487569176010133e+00
1.375319260565890644e+01
1.290330580644208913e+00
-1.502967534185417620e+00
6.473173226934714197e-01
2.050623627871586141e+00
-8.991817784628629795e+00
-2.038872947845367989e+00
-8.818278447255244457e-01
1.092133597280523105e+01
-4.088062370058827000e+00
-7.574668079446785995e+00
-2.814371621615476382e+00
7.391362202754748978e+00
2.250268512675787491e+01
-1.654892590202927227e+00
-1.919839192981827480e+00
-4.563371331303987866e+00
-1.290357318651892982e+01
-1.967863510028927898e+00
-8.512328514729270879e+00
-4.231064313291682311e+00
1.500193491283091696e+01
7.739525826066026681e+00
3.208253184526713042e+00
-6.407220386892024777e+00
-4.361288279081946051e+00
-3.860343750529288798e+00
-1.069055184972596884e+01
-3.468461799647129418e+00
5.216909392916276644e+00
-4.037172334943697649e+00
-1.780574980354617587e+00
1.038345928244904925e+01
7.233508407253845363e+00
-5.458199987161911793e+00
7.906937346143124934e+00
1.722662538741965932e+01
-1.353110576076755933e+01
1.012858797473302275e+01
-9.522397321556026029e+00
-8.395581777484062869e+00
-6.978370149735071415e+00
5.540272056151743563e+00
-8.202732883948558040e+00
-1.498960040131504856e+00
4.536775208231786038e+00
2.160452732255860298e+01
2.076045863044800655e+01
-1.663745613224333342e-01
7.251021617089257632e+00
-1.075118131235872099e+01
1.694973256296953323e+01
6.228419183218091959e+00
-9.891629159424256912e+00
1.857508380818620131e+00
-9.801690434234087590e+00
5.766266858769498960e+00
8.460026600855794499e+00
-3.839962027470252615e+00
-1.104922042566957252e+01
8.044557440428615536e+00
1.643570568304474833e+01
-6.125204014526928198e-01
5.899158355656096475e+00
6.447015334228277439e+00
-1.252755331651883797e+00
-1.712591141470050005e+01
1.317799321783001787e+01
-3.538341076291514398e+00
-2.535879455036592134e+01
-1.415420308421173168e+01
8.619820486106067881e-01
7.006482623440358770e-01
-8.574886809101622820e-01
4.395966902940279475e+00
1.904529258623284349e+01
1.260502203474725036e+01
-8.588347128401288444e+00
-1.087052999471405812e+01
-1.128852187673365037e+01
5.287208518206417907e+00
-6.207410634131239391e+00
1.382469668413990860e+01
-4.968008327345160957e+00
-2.416317631837472835e+00
-7.301031835147668403e+00
-8.614065716648083182e+00
4.634469207974330374e+00
-1.070848841065875234e+01
4.449197753034977332e+00
2.957313723942036177e+00
-1.177661327629711607e+01
4.941755720556590070e+00
-1.641072951037336480e+01
8.408572292484633337e+00
-4.181362414148127371e+00
3.850787610403687999e+00
-1.126090385900855040e+01
2.430777887924227798e+01
-1.911862566722572154e+01
3.595849576978428885e+00
5.673095191948042348e+00
1.291864686654095351e+01
1.348461202689834337e+01
3.141208029694328996e-01
1.657115907528956766e+00
8.450817556366274630e-01
1.862890896534732388e+00
3.269452920365455206e+00
-1.031191629391388354e+01
-1.240068253423503908e+00
-6.051173626708656883e-01
1.653415559589861861e+00
7.841750499462146529e+00
-2.375046137878410235e+00
-2.776534202473702084e+00
-4.557338047655302482e+00
1.925023180844942772e+01
5.076385229980182601e+00
7.612071660166139786e-01
1.222611902509224180e+01
3.149846591680800501e+00
-1.452028559199232838e+01
-1.388232191324056952e+00
-5.702722705321260577e+00
7.303792452946415992e-01
1.135994338936974479e+01
1.290841158331033967e+01
-6.859804365731275944e+00
3.266611215965923520e+00
1.836345599834241948e+00
-4.295062104178417606e+00
2.288648647231044109e+01
-9.820812156014834926e+00
1.886833933670030916e+01
9.031840169650859451e+00
-1.512731856753533499e+00
6.751904071986661648e+00
-1.408070255500456369e+01
-7.255276733933328615e+00
-2.271255248025788820e+00
-2.240105846877918694e+00
-9.755843895359010531e+00
-1.121155864182229323e+01
-6.302232977650300327e+00
1.461567786809159442e+00
-4.626534594978298109e+00
1.384398556921751577e+01
-1.316115168064041718e+01
-1.745391150271994096e+00
-3.003665713348456112e+00
1.307861288062364302e+01
-6.003300828580945492e+00
7.878400838500060566e+00
-1.269662086420409608e+01
-3.612424826104429165e+00
-2.136699946677362050e+01
-1.683750593250461236e+01
-1.252807032597567627e+01
-1.688994813947909623e+00
5.634513105287090262e+00
1.433018095322306351e+01
-1.857069273773755569e+01
-6.566129905674456424e+00
-8.204301544546479974e+00
-8.246670903612718373e-01
-2.170180827114948752e+00
-1.165246457809162806e+01
-1.802233417340496047e+01
1.963656385782708824e+01
2.350923444406900131e+01
-1.866369306429451669e+01
-7.963815061870928247e+00
1.103196705608427486e+01
1.925873006244308527e+01
-1.464971714584209828e+01
-2.124443546692958762e+01
-1.280798978143619760e+00
5.539730037471690238e+00
-2.532777057320832359e+00
1.301680733795656586e+01
-1.652696446326473634e+01
-4.091184787914263765e+00
1.327970492750340625e+01
1.232954325945086360e+01
5.050175841609369165e+00
-5.070579828168446213e+00
-7.169364865857060565e+00
2.236686721774852504e+00
8.790698261031828054e+00
-7.571177543883884198e+00
7.390188772517429783e+00
-4.133014686871922194e+00
5.906523731116527287e+00
1.741347248852663654e+01
2.519573827823920809e+01
2.446984488579264205e+00
9.755191512011185395e+00
-1.638805806405241317e+00
1.252604841646465417e+01
2.278357912173576416e+00
9.290532685350274988e+00
8.353839280025821878e+00
-1.544766291508951284e+01
2.049363300570754021e+01
6.019517263762245163e-01
3.024019259637046986e+00
1.541528536053202458e+01
7.342730021750373481e+00
-1.172973374555526860e+00
1.308116552134695176e+01
-6.615078515484026589e+00
1.287693741056974650e+00
-1.503227184243236891e+01
2.791874137714994930e+00
-1.574844392764584988e+01
-1.363329879954933865e+01
2.024831031966561667e+00
-1.432170632951829070e+01
9.790977370941371660e-01
5.987137905632652135e+00
-1.467555394085211740e+00
6.272391749608198452e+00
-4.813004810091038088e+00
-1.990983088677714008e+00
1.270566288060872395e+01
5.080449494794853749e+00
-1.215669072721271338e+00
-1.972261786275134043e-01
-1.742439768119495369e+01
-1.727030014083580367e+00
-3.844781405576845223e+00
1.030781333243784026e+01
8.633195141297685282e+00
3.390982093150390231e+00
3.212196854027696702e+01
3.300190954277186783e+00
9.940945053679836718e+00
2.538065376773817050e+00
-2.230251078687868205e+00
7.589765443731510963e+00
-4.800753619355582202e+00
-4.571858271711803035e+00
-3.490657407362825371e+00
-1.356697580302806072e+00
7.014345266534945722e+00
8.618809792554937843e+00
-1.470884249468489458e+01
-4.324485074102064175e+00
-1.861041519379624987e+01
1.646085863216867651e+01
-1.365220216285282007e+01
2.365063001963147116e+00
-1.244634136056048890e+00
-8.749165038014188767e+00
-1.581495853209204228e+01
5.276093429313503336e+00
2.677372967747688737e+00
2.221077073820929559e+00
-2.024412697402676820e+00
9.301027881959498256e-01
7.792645402211594075e+00
1.381889937242822697e+01
1.060496954148971049e+01
8.188490596241685182e+00
-8.909917411972362089e+00
-2.152046842519322567e+01
-3.996732763694890611e+00
1.646923949284875732e+01
1.388013493906900209e+01
1.335912393116950803e+01
7.577483722508301156e+00
-4.366247675149582008e+00
-3.517408492904535500e+00
6.184261385743290429e-01
1.050858259896088320e+01
1.303474422432753066e+01
1.706199577945590207e+01
-8.598054347068394776e+00
1.439664944890130860e+00
9.065022661522615266e+00
9.188255449816772114e+00
1.373655828361112219e+00
-9.299394107900216255e-01
2.958512354678972667e+00
-1.046536354411878023e+01
-3.420758808234530335e+01
-1.209041700350460147e+01
-3.845611747270565317e+00
1.399803396218152152e+01
-5.242066170326629138e-01
4.251125168996186865e+00
2.910270492342807547e+00
8.285671321670971423e+00
-3.786660920444842482e+00
8.821489092468667081e+00
-4.293294716692069302e-01
3.152193208024321791e+00
2.370631857620266292e+00
-6.431176444154434790e+00
-8.866793631234603623e+00
-4.011797710519951821e+00
4.925728670289894140e+00
-1.016536704645008982e+01
-1.597321840036787011e+00
-6.759955473198679954e+00
9.739044093956197301e+00
2.706096680053724057e+01
-1.140538885727766072e+01
3.656810413786756087e+00
7.806698745626128755e+00
1.032777180928986560e+01
2.775165074560251632e+00
-3.014784832378133217e+00
-6.888858569784659380e+00
9.667106848082680060e+00
-4.738501642341259590e+00
1.768357689425216872e+00
-5.335492414593488775e+00
1.803686103189101431e+01
8.767484916181307320e-01
-2.233064133904560933e+00
-7.616678346292873769e+00
-6.529951841487754649e+00
3.286416399872064176e+01
5.490687367972117983e+00
7.297616972316484762e+00
3.343033020811472689e+00
-9.079147111063139874e+00
1.491153527792000588e+01
1.582229342012814399e+01
7.558279007536613747e+00
1.159971143711081609e+01
-1.443539828267362068e+01
-2.884048419657495366e+00
2.554908367213132081e+00
-1.222328059698217295e+01
1.035939110474106961e+01
4.259908824701593488e+00
1.347545930226370814e+01
1.929863120699373491e+00
2.764391704294500762e+00
3.912857936505660383e+00
8.608362429812732586e+00
1.885187213842555720e-01
-4.710974207898864563e+00
6.499670542780066285e+00
-1.351038878484589034e+01
9.889240528479621872e+00
6.258351695170967233e+00
-1.592295327687907758e+01
-7.506088046423435856e+00
1.060874789465362156e+01
1.482815603073020227e+01
-7.884767878744250780e+00
-3.336977858037315947e+00
4.648969115051128753e+00
4.059180434679779403e-01
3.069965107816314820e+00
7.079409152332253541e+00
9.422302135628038755e+00
3.308734995579182936e+00
-6.022368306232541713e+00
-2.558783631397610225e+00
4.103688100430090913e+00
-4.230456338213616441e+00
1.277622215956743013e+01
-2.101369275336526066e+00
4.477883138939233731e+00
-4.113392385315153277e+00
-7.983833767153657668e+00
-1.159997329199262595e+01
-3.704594942182415807e+00
1.135252051921135319e+01
-1.716970356162190470e+01
4.787806417630939393e+00
-1.537427773582862578e+01
7.714586416021305126e+00
1.522726236711969827e+00
-7.682793477878236965e-01
7.078226891083064132e+00
-1.292191905319679712e+01
3.193771202954006405e+00
-7.263120918633739542e+00
6.476753089337437430e+00
1.204101361184040542e+01
9.038412717670498253e+00
2.931464009799412906e+00
-8.262138396763935688e+00
-1.315289088967754338e+01
8.686371634256079971e-03
7.385874923957956639e+00
4.697380054118325710e+00
-3.838212541614190343e+00
9.754754536237996376e+00
1.034888632696498512e+01
-1.711376727973846457e+01
-2.003964605211346139e+01
-4.035106104361027235e+00
-4.665272584307226467e+00
-2.907367653523120765e-01
-4.867570475142885655e+00
-1.177891113543341461e+01
5.279619285883194735e+00
-1.491893910473605800e+01
1.469698487913398743e+01
-1.917881157700619621e+00
7.495685082207872441e+00
-3.226719342113674172e-01
7.402944064281358649e+00
-3.377567348330110519e+00
3.551711875213930725e+00
1.024703264823083160e+01
-5.235818743981256240e+00
1.578225692184122764e+01
7.681825220094404827e+00
3.176026790971213654e+00
6.194706169542703478e+00
6.184543691750796768e+00
-4.822291004362751904e-02
-9.109156441674905125e+00
-2.058298986120631113e+01
9.070242828022953674e+00
-2.149700311649848761e+00
-5.344731645945098641e+00
7.376933744409829075e+00
-2.472449834781183853e+00
2.032751295140345249e+00
1.208878193000173962e+00
4.818711242557242258e+00
5.018852443326812462e+00
6.437721755691017123e+00
-8.937991140680026092e+00
-2.717545883331060175e+00
-7.841927829257271387e-01
-4.803008982097471069e+00
-6.334788763424475277e+00
-2.397960550640524602e+01
8.007426267953675847e+00
-1.715109043244957387e+00
9.711713096839773574e-01
7.124566383964864968e+00
4.351427585114124419e+00
9.618628315413204177e+00
2.269416320663655284e+00
-7.910219134208082536e+00
9.600941210203441045e+00
-3.772863912614752291e+00
-2.640479081804871786e+00
8.132818680332833949e+00
1.263361742221557726e+00
-1.655987393581008149e+01
1.348366839673271045e+01
3.122337697943737833e+00
6.496939500812092483e+00
1.309051709076236314e+01
-9.629689694276875045e+00
8.101185150563880555e+00
2.622600244519458812e+01
-1.087475305300732664e+01
-1.698690217965908644e+01
-7.910573839604411184e-01
-4.029587958925401892e-01
2.973592311933605625e+00
-4.931981394712198430e+00
-1.122267509850266354e+00
2.626724589516703645e+01
3.526505261436185257e-01
-8.546406355906853491e+00
2.936952015874816801e+00
3.862320333110111470e+00
-6.588320042750151373e+00
1.465637105928735640e+00
1.315768127657793229e+01
2.882300298059314175e-02
7.802259873336694795e+00
1.903496006943906860e+00
2.446336580590951115e+01
2.382084918846244737e+00
5.974685408012065935e+00
-1.015180623365282209e+01
-6.086597151498732927e+00
-1.526828957197187142e+00
-2.304841761908605946e+01
5.420211401733291190e+00
1.255960603931693065e+01
6.673972511203403180e+00
6.926578801810028274e+00
1.362681315198837506e+00
-1.889238855096143865e+01
-2.515466872189883851e+00
8.902179831992292236e+00
-1.800263675753831905e+01
7.782167968870828956e-02
-1.039102178248943353e+01
-6.106693334961943442e+00
8.142770610253633023e+00
-3.850763886072640085e-01
-6.029932499583335215e+00
-5.099165292792649851e+00
8.187203059239338998e+00
-1.353368288562359467e+01
-3.187789046725475917e+00
1.900124080573958096e+01
-5.625563609951394817e+00
-6.876150139956446417e+00
-1.186267285150041140e+01
-3.696818677282944332e+00
1.414048872289925107e+01
7.814773691259065735e+00
3.716267021866141995e+00
2.281482771664069986e+01
-1.352497286500096862e+01
3.539087528521686732e+00
1.871926535144574189e+00
2.921382126551794300e+00
1.177671522880371313e+01
2.746614946980325822e+00
-1.577202675554259770e+01
5.397312085509024193e+00
-3.457391519983959327e+00
-1.285597378130647606e+01
5.719065011419198541e+00
-3.527742453696501190e+00
3.529728258970286081e+00
5.179582553945434320e-01
2.016530329936691235e+00
1.814647444701601131e+01
6.488169306627213473e+00
-1.839299867591451942e+01
5.509624226244934420e+00
-1.538878231395409735e+01
2.273870741458157596e+00
2.336527672466386818e+00
-2.543524126934153085e+00
-4.725020334388078780e+00
1.889604776892100713e+00
-1.015032193275916583e+01
1.562187075333570441e+01
-5.651037934464503643e+00
-4.591181851476394904e+00
3.845932035830913476e-01
7.260105983845614119e+00
-7.863864134251096205e-01
-4.712693735650869797e+00
-1.625764133104368270e+01
-1.160771578731724496e+01
-8.267803556404114573e+00
-8.903972532295473030e+00
-1.224879851780119999e+01
-4.032783426943120197e+00
-9.343050013201683157e+00
8.338357865542027625e+00
-1.074548632936679304e+01
-5.798657564085514693e+00
4.992774411639310905e+00
2.259841271861837697e+01
-1.244844986462307546e+01
-1.191780479367459478e+01
1.381914561628287519e+00
1.420199016940373227e+01
1.523548070775817820e+01
3.800051291574319645e+00
6.599083052556645512e+00
-1.929487357060154284e+00
2.470381609730610162e+00
-7.761749902448679350e+00
-6.599053924475687616e+00
9.798460015962543679e+00
-4.327705025022562602e+00
1.566320253403897667e+01
-4.469331935026569447e+00
-8.754965444954500242e+00
8.400367631909102073e+00
1.082195951322991334e+01
3.750349295897474455e+00
4.717982538379565050e+00
-1.138431888718052676e+01
6.686989256268695669e+00
1.352344028300205281e+01
-1.145219406080347824e+01
-2.185315859603520749e+01
-1.043442556851196912e+00
-1.430476984163600918e+00
1.385681005227599805e+01
3.369922184424293921e+00
2.054036842694361986e-01
-4.652637156888312475e+00
1.876673089303200648e+00
1.018335335308719058e-01
1.424440956412014359e+01
1.961176081803991611e+00
-1.263782765063120905e+01
-8.885384615924687424e+00
9.537270498119115203e+00
-1.708878925153741335e+01
-7.093728279640031609e+00
-5.613817795333149618e+00
-6.927114786117392065e+00
-1.031027531032334821e+01
3.134133999523456726e+00
-3.182796460924923299e+00
-1.401667406667027116e+01
-3.357662135284474658e+00
7.909482173136160199e+00
1.598274870843853890e+01
-2.378759690270992166e+01
6.920765270833531879e+00
-3.060304849714329922e+00
-6.981161260293118787e+00
-7.894026584572396033e+00
5.899679356878562153e-02
2.405555850063936685e+00
-3.331024521649478931e+00
2.166670986656380649e+01
-9.989167614670096285e+00
5.269328715449303147e+00
1.040017828182964443e+01
3.129381560792339645e+00
-5.359893175373713348e+00
-4.591769304063750834e-01
-8.291986730296516228e+00
-3.833694457692701008e+00
3.902231189262477251e+00
-1.635782607168724923e+01
1.259791878866760584e+01
1.534746761346117694e+01
5.732320633431935875e+00
3.838220190911671104e+00
2.884287205064637760e+00
1.596331319662591852e+01
1.637979304995514696e+01
-2.332956052555325499e+01
9.291045623303071821e+00
-1.088322061274204167e+01
-4.206936325263942678e+00
2.884894805445219479e+00
1.004162176867939493e+01
7.121767875712084361e+00
-1.700851266830551012e+01
6.868742660738823780e+00
1.211242699875409778e+00
1.066384008317430343e+01
-6.781844611754427987e+00
-7.547454092110029933e+00
-3.892225030528356222e-01
-2.659783620709002605e+01
-1.325936480682918095e+01
2.044601282678159748e+01
-1.918102873270292719e+00
-8.057410761615727779e+00
-1.120496178552575373e+01
2.525667601487367353e+00
5.475681781762857803e+00
1.115773931649995454e+01
-3.233964267602993381e+00
2.961078005054848639e+00
1.625044330130654302e+00
1.269434959684581976e+01
9.005963878628623576e+00
6.029868794804789545e+00
1.536520678388646699e+00
6.704259220627956317e+00
-3.305260577470862771e+00
1.314119671319549809e+01
8.198288422252597130e+00
-3.962823096647104942e-02
2.086175272776083744e+01
1.757883500908809538e+01
-2.301148549849501457e+00
-1.463837601966577040e+01
2.867236435094100866e+00
5.477571108045617088e+00
1.115169417775915406e+01
9.403397763049021307e+00
5.036151370812622652e+00
-7.267097172259841642e+00
8.577132746502480032e+00
1.140950447508051191e+01
1.286512130153825773e+01
-2.406271211911287011e+01
-1.793404795639139593e+01
1.276188135984763328e+01
-2.705664048676199029e-01
-9.504706499634909989e+00
5.134837236282452366e+00
1.488371799070979939e+01
2.647243205351397677e+00
-1.141215484648459189e+01
3.011045726962982627e+01
8.570075550492596506e+00
-3.916633547130593529e-01
5.590974549272255345e+00
1.098258270545829518e+01
1.021059841440550731e+00
-7.001748538315293757e+00
-9.941693190350594733e+00
1.528775646587741832e+01
-2.316221445511704946e+00
1.516638299820514124e+00
1.475674492024556361e+00
-1.308241226580666705e+01
1.316899246144556557e+01
1.304437685250326773e+01
5.666274822710474446e+00
5.963602901081822338e+00
-6.998420688703269832e+00
9.769481231275186417e+00
-1.185889046003854119e+01
-1.043740941623744156e+01
-2.261822125677652284e+00
-3.254455645027226041e+01
-5.856984088190272608e+00
-1.412233007605228963e+01
-6.582451450958340722e+00
3.897004874836064836e+00
-1.123390383393753922e+01
4.948009647423195823e+00
-4.713551458918814774e+00
1.210168587597933154e+01
5.777083258753739514e+00
1.454500111701487519e+01
-1.127299608836239031e+01
-4.939269718413208388e+00
-3.131801575095678469e+00
-1.863848893964437181e+01
-8.018014628100514685e+00
9.612573548309386595e+00
1.707785640014413131e+00
3.004274366039617838e+00
1.415669614026931455e+01
1.267144024961670823e+01
8.159524211273879502e+00
-6.052274256639429417e+00
-4.089727675666338769e+00
3.987509996370761201e+00
-2.031995326273174030e+00
4.134032574480148270e+00
-1.780180337760780418e+01
-4.889352754676250079e+00
3.463867769641594485e+00
6.069968858549552593e+00
-2.020604796160996841e+01
1.016437707588487349e+01
-6.092181389434822236e+00
-7.033472590344094222e+00
3.002427793928315936e+00
-1.664585378307167218e+01
2.456690481939341808e+00
9.508872002467663620e+00
2.499533187205579043e+00
-1.771380883935789186e+00
-2.279322817761690434e+00
1.320829538907586631e+01
1.162646766636100537e+01
-8.851513712966976755e+00
-1.921291062394827831e+00
-7.799108587176847962e+00
1.814930880770002197e+00
-7.860771702554750995e+00
1.797062545743037365e+00
-8.227430874098079272e+00
1.172436628675495918e+01
1.892193564094093361e+01
9.999913932358105439e-01
-4.167029182406635890e+00
2.230521169719423824e+00
6.179175862151492282e+00
-6.755034267703308615e+00
1.344681526762076196e+01
-1.956953277996154483e+01
6.327290152767343301e+00
1.164932793505996145e+01
4.440841522393246699e+00
5.455137658525213595e+00
-7.457360285151029444e+00
2.771008883965949465e+00
7.537722283001886403e-01
-1.187539563622037342e+01
1.285538905440319191e+01
-1.628155585894886315e+01
-2.827087135290246245e+00
5.916430864733825956e+00
8.735170810238813033e+00
-1.708303705974573150e+00
5.704365227206452671e-01
1.503631107576584824e+01
-5.457009454017488714e+00
1.138018821395708713e+01
1.147959358122456308e+01
-1.582067001422955954e+01
9.979287672399063780e+00
-1.573478351550844145e+00
4.291452491136683811e+00
2.669164043502839090e-01
1.691080004859200209e-02
-7.253721317413418745e+00
1.391541361721538550e+01
-1.264167870303866614e+01
1.912491407779122188e+00
-7.454785280244950130e+00
2.005224642846644478e+00
8.563872727822577247e+00
-4.189601430117106062e+00
-3.757024489776097376e+00
4.028987411038520983e-01
1.469133362767033191e+01
8.529272628583508542e-01
-1.485278966808986567e+01
-4.348517961748003202e+00
-3.632233403161769791e-01
1.260371377547780547e+01
5.196737259547655974e+00
1.904170857354973712e-01
-1.859012647750119029e+01
-8.182847121522817346e+00
3.782765172956795041e+00
9.119249518667524868e+00
-4.129333585838855569e+00
7.498922109732934160e+00
-4.327247796598368446e+00
-2.152795860591988486e+01
5.325308299244493337e-01
7.406571327145047512e+00
1.254942304573770429e+01
1.968792442585704849e+00
-1.082047544383742910e+01
-1.005669938731961643e+01
6.124492411473032583e+00
-2.051681333129025564e+00
2.928801879291395682e+00
-1.436318052977594206e+01
-8.818846053396857343e+00
-5.283966506802673990e+00
8.652605709641512988e+00
-4.832375866029656741e+00
-1.270603561167449769e+01
9.396450639066459942e+00
9.401838333840665030e+00
1.966788392741133507e+01
-4.456167776854044860e+00
-1.004727249493827657e+01
-1.138830816240285060e+01
-7.400863616846642401e-01
-9.133171298272473315e-01
-4.988750200126357726e+00
-3.560149382279826913e+00
-3.985547258734305043e+00
2.986243347552912653e+00
5.892900850045582395e+00
5.373915785028062331e+00
-8.348575393172321668e+00
2.180322961390458669e+00
-6.237367292172497635e+00
-3.144445021467785484e+00
9.988253498133664365e+00
-4.375649159181215886e+00
-1.100781714841657788e+01
-1.269581492157954905e+01
1.448563545805146013e+01
1.630588256694271099e+00
-4.916961077563985150e+00
4.756818534356701988e+00
-9.418895736515688455e+00
8.513889525343801168e+00
-4.628900419196918747e+00
4.266877939897645966e+00
1.028015537635366528e+01
-1.558888457296451868e+01
-4.859625872518546608e+00
7.485084732877004043e+00
-8.428138332845875880e+00
3.110168089459113272e+00
-1.438309545586960336e+00
9.475679587262057169e+00
8.461659124679266952e+00
-9.555274018506378919e-01
1.353676397581752511e+01
7.646337552329956821e+00
-6.130406517372056996e+00
-1.158225163708340766e+01
5.903218443289666162e+00
-1.760410404898484771e+01
3.957090781761513076e-01
1.553185444777327451e+00
-2.214553174622754739e+01
-2.028603078579245178e+01
1.388466712375515222e+01
6.022304546288115290e+00
-1.207810189999848838e+01
2.561321805769040783e+00
1.631800573100043295e+01
3.509017321987367488e+00
-1.843182512658322025e+01
1.248829586332081831e+01
-1.412256267176350555e+01
4.738238666637678342e+00
1.094222584955933719e+01
2.227625789488897112e+00
-1.065820273375581095e+01
-1.237989109527242704e+01
-1.663274392006996649e+01
1.153723174275928187e+00
-1.093548746730622412e+01
7.078324080910211258e+00
-6.052565471238597894e+00
-5.559439002299150223e-01
-6.022487969760569548e+00
-5.074152264285998193e+00
2.557773839828479367e+01
-1.759024280359483328e+01
-6.924270328568518984e+00
-2.466527808961920698e+00
1.243511890232369232e+01
-2.908751305210813243e+01
-3.699640448734575759e+00
-2.430771568642391856e+00
-1.011126510105069976e+01
-9.906325054260044505e-01
4.917798385114762194e-01
1.264110451680902258e+01
1.810239395618545544e+01
1.775272031828195374e+00
-7.269264521946118052e+00
-5.786941846159924907e+00
2.137781959882357086e+00
1.288930966285728275e+01
5.758032134874214947e+00
6.625616658603367126e-01
1.553825143377556905e+01
9.823148075374817267e+00
1.550694545035085081e+00
-1.250161489609103604e+01
2.595539521790563953e+01
-4.784992094220184455e+00
-8.926062941634700820e+00
-4.704109087666095146e-01
2.951709489154590749e+00
-8.425879597379006825e+00
6.506045523490140425e+00
1.964493389331598650e+01
-8.191781581838750270e+00
1.705163402482334689e+01
4.363964471638049680e+00
6.585488081595428866e+00
-6.454179764446593914e+00
4.339572254429866049e+00
-4.109303567659203793e+00
5.565219507409333133e+00
-1.289210055294188972e+00
-1.908350460413264837e+00
-5.533634318251130502e+00
-2.772600505327517784e+00
4.153266197215868871e+00
-6.689775632707704922e+00
-3.408479008404144417e-01
1.376289859230483259e+01
-1.984997683186554784e+00
1.067467623503720731e+01
-2.816585077229087464e+00
5.784983019405530946e+00
1.491218748674874917e+00
1.744888949027986058e+01
3.598097910506734110e+00
-9.908571463767465559e+00
1.891706493847330961e+01
1.104789182504422307e+01
1.627718936562996888e+01
-1.211691858900505281e+01
1.411742677828903503e+01
-7.103334050350193607e+00
-1.756739671779725853e+01
7.302218141173334232e+00
-1.349272807766178417e+01
1.136795938140397411e+01
-1.741459599006693892e+01
-3.040145617884108642e+00
5.221726716942599822e+00
9.162935442256168628e+00
-8.185987227583227721e+00
3.359106901296194270e+00
-5.651388177299532245e+00
1.569616258928311581e+00
1.368165538412523219e+01
-1.761079522988798018e+01
-9.860492140980497311e+00
-7.524943767323952315e+00
-7.911129745628421084e+00
-1.156266302410516822e+01
-4.851400937310027750e+00
5.372733545325953486e+00
1.088625302928539540e+01
1.424493169473670884e+00
2.453171116475735491e+00
-5.331281082638449575e+00
4.440638526826561766e-02
7.892462142927145763e+00
-1.229776613452713008e+01
-1.789093497791530751e+01
-6.381002570586367106e+00
3.703806772109194956e+00
-5.555279739547666296e+00
-1.805512972904034452e+00
4.488650200884041652e+00
-6.312717905824969833e+00
6.763742541024235777e+00
1.879273536232254926e+01
-5.398080731835753765e-01
-1.094844130660094095e+01
-8.887748388587946025e+00
-8.514956570983310158e+00
-1.127523301887382257e+00
-1.089030978333906052e+00
-8.010632034039865346e+00
3.582887215046878904e+00
-7.012493617954911329e+00
-1.645844862092380367e+01
1.512967929437176551e+01
8.436946950449726756e+00
1.872819867648215819e+01
5.370306039992517100e+00
-9.201237527810246064e+00
1.306738604588434782e+01
-3.844414231343043387e+00
-6.307068292518605901e+00
9.229927622448629521e+00
2.915833732501458275e+00
-3.326568576441761849e+00
2.030876892829380331e+00
-8.630106645237500373e+00
2.031037387068608702e+00
-2.118266932475645348e+00
-5.743225927439446821e+00
-8.783764886849196429e+00
-5.427592194181536378e+00
1.136111569628871543e+01
-1.232045047821545403e+01
-1.477199846363752567e+00
8.798192749719060402e+00
7.784155359935477136e+00
4.822490796411579295e-01
-2.101178988751312815e+01
-1.968697221299702260e+00
5.141434016515747274e+00
-2.028182448257978976e+01
1.341673797717291095e+01
-4.302223349316334655e+00
-1.890410423899086867e+00
-7.517738196031940490e+00
1.018111927707622222e+01
-2.144364843705722556e+00
6.327979847564495941e+00
5.588190880952446982e+00
7.823947658189075227e+00
2.011110497118076879e+01
-4.673744689909479888e+00
-1.474355144493032732e+01
-1.394698192545266835e+01
-7.105588582162251754e+00
-1.551124558944743992e+00
-1.787288496770817403e+01
-1.738996333292224605e+01
-1.100383930946142641e+01
1.760444355340105460e+00
8.336045918059160620e-01
2.208353455446703251e+00
-3.199767848985131558e+00
7.488301004980614239e-01
8.362177453542547489e-01
6.441475778170071109e+00
-4.085379738062523636e+00
-1.270708243286099481e+01
-7.081329021130798873e-01
6.398106774986572987e+00
-1.151968032169838896e+00
7.453793069294921025e+00
7.249943564623743342e+00
9.885179800263298233e+00
2.447548354017493821e+00
9.210583127455606700e+00
1.450762683425616473e+01
-2.701392938309493985e+01
1.226729291244686593e+01
-1.372086507905304131e+01
8.049708504792640440e+00
1.283008093981301379e+01
3.207645462119817381e+00
1.293135595601707521e+01
6.569861427518266517e+00
5.591940205377897932e+00
8.926740083449759666e+00
1.243304300635701187e+00
9.037889670921732677e-01
-1.634760010846602896e+01
-1.435753860460837039e+01
2.020391374723481626e+00
8.024984774290642164e+00
-5.054621556374503388e-01
1.735959206370259622e+01
-1.707097114846450836e+01
-1.695833460437366824e+00
5.608874987269166112e+00
-9.861671345728215243e+00
-3.382435544842626207e+00
-1.171362489776218041e+00
-8.249432892139507700e+00
-1.752318116551629723e+00
-2.290979959722933224e+00
2.035763091790644408e-01
3.052003462000689726e+00
-5.104619054971355485e-01
-8.770257317437213374e+00
-4.333853254922021558e-01
8.835795627112123185e+00
-1.183759918464758343e+01
1.067811897460602566e+00
-1.990846920592634017e+00
-6.882965750047659093e+00
5.844909214063186198e+00
5.064884739233306732e+00
-1.489055503430414484e+00
-1.835494862088975410e+01
-4.605469371602777945e-02
5.946869160127256748e+00
2.335185812991199317e+00
3.005285351309752073e+01
2.434277640104022034e+00
-2.859925914996827689e+00
-8.822141740759658290e+00
-1.375191962058690009e+01
-1.170645682572672364e+01
-4.983503043240094854e+00
7.627010826240037122e-01
-2.921962874956569589e+00
1.025219091750743594e+01
-3.224653359585375689e+00
-1.320465075532060695e+01
-1.930779403901698998e+00
-2.874203926639911533e+00
1.067934150299534579e+01
-3.602158196031007620e+00
-5.581417879691192852e-01
-1.418580321491794294e+01
-1.305698731813038194e+01
8.082182748795869287e+00
1.150309297517816631e+01
-2.299605694030098402e+00
3.004990501877433662e+00
8.769977079323732383e+00
3.422088431912770456e+00
2.960013599891710978e+00
1.004896575758491828e+01
-7.183421805380268310e+00
-1.839360154331041386e+00
-2.169435383426003838e+00
4.571497011048265335e+00
-5.312801611910210831e+00
8.745178680773870283e+00
1.992258873617744619e-01
7.359363082371189968e+00
-1.847074110097106114e+01
4.973018909182037817e+00
9.253921394072666118e+00
-1.286110700135979101e+01
1.718380479961273366e+01
-2.582917811121656371e+01
1.170143628069244279e+01
-9.579418913966343041e+00
-4.396785794812475778e+00
-8.928150905641206947e+00
-8.555019331897364410e+00
-7.949367224942676557e+00
3.039259287754591199e+00
8.607189066948336631e+00
9.971997075779502895e-01
1.542042276817740865e+00
1.381803529572926337e+01
-1.187725721386962796e+01
1.058167383233189068e-01
-1.692148317512383215e+01
-3.069431699690203796e+00
4.194643108572904566e+00
2.082713069398585581e+00
-5.173090448104922245e+00
-9.900653572348751652e+00
1.507192612676288057e+01
-1.394684843249119233e+00
-1.749026764942250978e+01
-5.882843679939847803e+00
-1.568329391545874962e+01
7.095864855188615650e+00
2.326641376752593970e+01
-1.147646776706274530e+01
1.459296537745094158e+00
-7.269250105184063671e+00
5.920628150408888679e+00
-4.343172704710812404e+00
2.195349535229324189e+00
-4.154033941617126802e-01
7.928633236373939575e+00
5.701439501817873179e+00
-2.422502591345446099e+00
1.561190305368743125e+01
-8.290678448697642366e+00
-7.268929073737933955e+00
-1.330647396040754593e+01
-2.132953187124363215e+00
-1.713114255729751534e+01
1.169545536809236452e+01
2.144430332940895667e+01
1.805766059433742043e+01
-1.829411246875372399e+01
5.413427244892631052e+00
-1.267095560572474300e+00
-1.532002547868155062e+01
-1.839567202336656138e+01
2.132220595831081056e+01
5.358969800108519976e+00
-7.592535105623340996e+00
-3.412347910820922259e+00
1.329903971059048828e+01
1.001215075080252603e+01
-1.615630881525302343e+01
-2.096134605968393405e+00
1.414336612079947919e+01
6.263529392085685821e+00
-1.534122817939814531e+01
5.959430005319744650e-01
1.180121445091632459e+01
-1.218523859458313652e+00
2.956929914790981773e+00
-7.469800926028548282e+00
-2.958630340424694527e+00
-4.524856741062404653e-01
-5.515080854546104305e+00
-1.062308231937359082e+01
6.925634800350644049e+00
4.960317606631744702e+00
1.006205830660295319e+01
5.976689173072438521e+00
1.183703421784651333e+01
-8.022914011849053395e+00
-1.859432068678014804e+00
8.665124743966472920e+00
-1.649727758232344499e+01
4.797796757803476919e-01
-2.375965634536067128e+01
-9.164847478863990204e+00
9.512616828664517854e+00
1.143384311860979174e+01
-5.146850105411740373e+00
-8.535673002296695344e+00
-1.282736354276373447e+01
-1.713357745430613832e+01
2.468951319586699000e+00
-3.274842676141017428e+00
3.925866431143878899e+00
-8.876393086218312689e+00
-5.694619565069181100e+00
-7.696893532426622109e+00
-1.202478369969805172e+01
1.255250345136070145e+01
1.228193714641245826e+01
2.068483843713719850e+00
-2.634444693787047598e+00
-1.687197165896279571e+01
1.166362539009663202e+01
-9.212573026185088665e+00
-4.734018672849881204e-01
9.082280162444195781e+00
1.475159095883815397e+01
-2.194512755372409885e+01
-1.103132780770746280e+01
3.211528731259724712e+00
1.777119549965196299e+01
-4.182931868316678958e+00
-9.415709036208953719e+00
-3.532073282007113235e+00
1.253444661746708988e+01
5.626877277302307689e+00
-8.268941167888025134e+00
-2.802786790723339916e+00
4.167501782694722073e-02
-3.137620617572869808e+00
-1.464219146153381779e+01
-3.963870436480457116e+00
1.375305020772761999e+01
-1.157976295156398905e+01
1.466465230548487853e+01
-1.437338292682237650e+01
5.418311683503968190e+00
1.772808131547326127e+01
-3.188460624189591641e+00
3.248935978188490559e+00
1.532468972354908310e+01
-1.372754935307213486e+01
1.609781032671333545e+00
3.873284020761473379e+00
4.021560176725945679e-01
3.833034146492600769e+00
4.381615684601898764e+00
1.440305031803145042e+01
6.262415729746669157e+00
-9.351388577706853056e+00
-3.732068746886654242e+00
4.246440862818888995e+00
1.222108353106537315e+01
-9.675444262343434687e+00
1.053251043301963463e+01
-9.890436439212301423e+00
5.681564368006412735e+00
-5.030045891829370674e+00
-2.099061419058610767e+00
-4.407290948054836122e+00
-1.617844050625146579e+01
1.775998861939473983e+00
-1.019165120218378107e+01
8.928633722006557027e-01
5.181558776361421259e-01
2.521302612220238970e+01
6.104221068618286061e+00
-5.559595845572338352e-03
-1.743533272688766544e+01
2.236729756534344915e+01
-2.250204313385832222e+01
1.149503797920002057e+01
-2.045087197966520165e+01
-2.796974757834219361e+01
4.023315155024215883e+00
-1.036684778009111518e+01
-7.933694870336172933e+00
-7.070340137225462840e+00
-8.269094545622179382e+00
6.116783749933470959e-01
-2.818411400402270228e+00
3.102695754314850785e+00
-1.210168727931224275e+01
-1.129436710261915877e+01
1.460612142921501100e+00
2.728647670102513523e+00
1.977224186208561774e+00
-1.034636498647314795e+01
-3.674304085068366699e-02
8.334157676261476411e+00
-2.402721817917079061e+00
4.741556131246867700e+00
1.683161709468252099e+01
-1.466094181330507595e+01
5.865408021727648524e+00
-1.708899248992466013e+01
1.483448140080931621e+00
1.848099638328614702e+01
-3.483240481419997980e+00
1.121816598975325086e+01
-7.518396125802180308e-01
-3.279372205074371749e+01
-1.002445342835364173e+01
5.706273382407662353e+00
9.171711526126124170e+00
-1.764662204740236717e+01
1.301707122056457955e+01
-1.832467059650557317e+01
-1.512284253400941303e+01
-9.872791781203497763e+00
4.498870563056813765e+00
1.551335626987268235e+01
3.367374789290917381e+00
-2.412889860920120366e+00
1.828489039297361529e+01
-3.714217732177699904e+00
-2.146484838168536857e+00
4.961802917917602862e+00
1.079351481041385341e+01
9.719390647739940547e+00
4.628771984410539275e+00
8.301428425673973877e+00
8.765807596527842804e+00
-1.436338615474544333e+01
-4.494597627813666785e-01
-1.288593879285907740e+01
-1.719590198616376497e+01
-1.256177983439586043e+01
5.353884073004611999e+00
-1.378887530057655120e+01
5.367073800261460192e+00
-6.755472167253970817e+00
3.052223541950794150e+00
-7.731656046294320461e+00
-7.958103500086406434e+00
-1.480345834189041554e+01
-5.683646470437867748e+00
-1.447979441163399272e+01
9.689199527934565737e+00
1.260085051864510586e+00
7.481165152847898958e-02
5.641969716128256707e+00
1.358377169847617338e+01
-5.060564364794234216e+00
-9.801564789612692508e+00
-1.163546377785751673e+01
-3.036023545341000940e+00
-5.896678470992762211e-01
1.570335472788664966e+01
-1.852643439957575566e+01
2.803616127635605970e+00
-1.546980840017047498e+01
1.386038298463489227e+01
-3.779214611994742290e-01
8.131979809133692783e+00
-4.563406095041659505e+00
7.651457661431728674e-01
3.402827234713660332e+00
4.413926789468680667e-01
9.340826794748407380e+00
3.221692630244144429e+00
2.692264414278220030e+01
-4.259576048894896161e+00
-1.229332871713279651e+01
1.812050895598824241e+01
1.946547986706895728e+01
-6.136596045486203188e+00
-1.220102816029570647e+01
-3.392325703751826182e+00
1.095298181856075637e+01
-1.967557695854196043e+00
-3.163939553985170683e+00
1.405493123627185259e+00
8.474845326486237340e+00
-2.101160971949131429e-02
-1.179101010157372542e+01
7.687274861512748414e-01
-1.259736947206060442e+00
-1.254593649264831257e+01
-1.528086055063941373e+01
1.572399438828361795e+01
-1.347314763669183435e+01
-2.104203052125704909e-01
1.784323369483421740e+00
3.502119277817987708e-01
7.805078440027299003e+00
-4.068672335698024334e+00
-5.795601343204079825e+00
2.584752818094493421e+00
-8.471948718700360814e+00
2.434968824498856321e+00
7.637991471260161092e+00
-7.682975923009816910e+00
-1.554537307844252680e+01
4.621727015188950460e+00
-1.355237366618039907e+01
-5.139284382216934510e+00
-3.396554691191932207e+00
-1.235674642299051484e+01
7.084542175588230073e+00
-1.118858572303461152e+01
-1.485542826631043489e+01
-4.876266987132583886e+00
3.530093071720395770e+00
3.187297312397705085e+00
-6.665743350510058285e+00
3.752133813505778570e-01
-2.684117671782364045e+00
9.737508437918576121e+00
1.616527838919456883e+01
4.308364925546174895e+00
-3.419443373708894729e+00
1.097818878658924291e+01
9.390399064876628898e+00
7.264322945300306422e+00
-6.647226758421878046e+00
-2.089438482405201913e+00
5.159512863188394860e+00
9.135267968149902273e+00
7.249862643779012572e+00
-1.333092463735365740e+01
-1.629987488086074876e+01
-3.435466990724415748e+00
1.097615233014604952e+00
-1.428381208131625435e+01
-4.586222306637623092e+00
-1.109405703191417958e+00
6.986426829276708439e+00
-8.204921586069069406e+00
-2.124702846740259776e+00
9.509766749639744887e+00
1.624672994641186818e+01
1.070811222851990152e+01
8.711676236540551344e+00
-2.391038019175149021e+00
9.178863043270272470e+00
1.712255701342040481e+01
-3.051056132864235604e+00
-8.147887715060958769e+00
8.688991656442581757e+00
1.504930718823183611e+01